0 331
1 299
2 275
3 223
4 222
5 220
6 218
7 174
8 166
9 165
10 164
11 162
12 162
13 158
14 154
15 147
16 146
17 145
18 141
19 141
20 137
21 134
22 125
23 123
24 121
25 121
26 121
27 119
28 115
29 114
30 112
31 111
32 109
33 109
34 108
35 108
36 107
37 107
38 107
39 107
40 105
41 103
42 103
43 102
44 101
45 99
46 96
47 95
48 94
49 93
50 93
51 92
52 92
53 91
54 89
55 89
56 87
57 87
58 86
59 86
60 85
61 85
62 84
63 83
64 82
65 82
66 82
67 82
68 81
69 81
70 80
71 80
72 80
73 79
74 79
75 79
76 77
77 76
78 76
79 74
80 73
81 73
82 72
83 72
84 72
85 72
86 72
87 72
88 71
89 71
90 70
91 70
92 70
93 70
94 69
95 68
96 68
97 68
98 68
99 68
100 67
101 67
102 67
103 67
104 66
105 66
106 66
107 66
108 66
109 65
110 65
111 65
112 65
113 63
114 63
115 62
116 62
117 61
118 61
119 60
120 60
121 60
122 59
123 59
124 59
125 59
126 59
127 58
128 58
129 58
130 58
131 58
132 58
133 58
134 57
135 57
136 57
137 57
138 57
139 57
140 57
141 57
142 56
143 56
144 56
145 56
146 56
147 56
148 56
149 56
150 56
151 55
152 55
153 55
154 55
155 55
156 54
157 54
158 54
159 54
160 54
161 54
162 54
163 53
164 53
165 53
166 53
167 53
168 53
169 53
170 53
171 53
172 53
173 52
174 52
175 52
176 52
177 52
178 52
179 52
180 52
181 52
182 52
183 51
184 51
185 51
186 51
187 51
188 51
189 51
190 51
191 51
192 50
193 50
194 50
195 50
196 50
197 50
198 50
199 50
200 50
201 50
202 50
203 50
204 50
205 50
206 49
207 49
208 49
209 49
210 49
211 49
212 49
213 49
214 49
215 49
216 49
217 49
218 49
219 49
220 48
221 48
222 48
223 48
224 48
225 48
226 48
227 48
228 48
229 48
230 48
231 47
232 47
233 47
234 47
235 47
236 47
237 47
238 47
239 47
240 47
241 47
242 47
243 47
244 47
245 47
246 47
247 47
248 47
249 47
250 46
251 46
252 46
253 46
254 46
255 46
256 46
257 46
258 46
259 46
260 46
261 46
262 46
263 46
264 46
265 46
266 46
267 45
268 45
269 45
270 45
271 45
272 45
273 45
274 45
275 45
276 45
277 45
278 45
279 45
280 45
281 45
282 44
283 44
284 44
285 44
286 44
287 44
288 44
289 44
290 44
291 44
292 43
293 43
294 43
295 43
296 43
297 43
298 43
299 43
300 43
301 43
302 43
303 43
304 43
305 43
306 43
307 43
308 42
309 42
310 42
311 42
312 42
313 42
314 42
315 42
316 42
317 42
318 42
319 42
320 42
321 42
322 42
323 42
324 42
325 41
326 41
327 41
328 41
329 41
330 41
331 41
332 41
333 41
334 41
335 41
336 41
337 41
338 41
339 41
340 41
341 41
342 40
343 40
344 40
345 40
346 40
347 40
348 40
349 40
350 40
351 40
352 40
353 40
354 40
355 40
356 40
357 40
358 40
359 40
360 40
361 40
362 40
363 39
364 39
365 39
366 39
367 39
368 39
369 39
370 39
371 39
372 39
373 39
374 39
375 39
376 39
377 39
378 39
379 39
380 39
381 39
382 39
383 39
384 39
385 39
386 39
387 39
388 39
389 39
390 39
391 39
392 39
393 38
394 38
395 38
396 38
397 38
398 38
399 38
400 38
401 38
402 38
403 38
404 38
405 38
406 38
407 38
408 38
409 38
410 38
411 38
412 37
413 37
414 37
415 37
416 37
417 37
418 37
419 37
420 37
421 37
422 37
423 37
424 37
425 37
426 37
427 37
428 37
429 37
430 37
431 37
432 37
433 37
434 37
435 37
436 37
437 37
438 37
439 37
440 37
441 37
442 37
443 37
444 37
445 37
446 37
447 37
448 37
449 36
450 36
451 36
452 36
453 36
454 36
455 36
456 36
457 36
458 36
459 36
460 36
461 36
462 36
463 36
464 36
465 36
466 36
467 36
468 36
469 35
470 35
471 35
472 35
473 35
474 35
475 35
476 35
477 35
478 35
479 35
480 35
481 35
482 35
483 35
484 35
485 35
486 35
487 35
488 35
489 35
490 35
491 35
492 35
493 35
494 35
495 34
496 34
497 34
498 34
499 34
500 34
501 34
502 34
503 34
504 34
505 34
506 34
507 34
508 34
509 34
510 34
511 34
512 34
513 34
514 34
515 34
516 34
517 34
518 33
519 33
520 33
521 33
522 33
523 33
524 33
525 33
526 33
527 33
528 33
529 33
530 33
531 33
532 33
533 33
534 33
535 33
536 33
537 33
538 33
539 33
540 33
541 33
542 33
543 33
544 33
545 33
546 33
547 33
548 33
549 33
550 33
551 33
552 33
553 33
554 33
555 33
556 33
557 33
558 33
559 33
560 33
561 32
562 32
563 32
564 32
565 32
566 32
567 32
568 32
569 32
570 32
571 32
572 32
573 32
574 32
575 32
576 32
577 32
578 32
579 32
580 32
581 32
582 32
583 32
584 32
585 32
586 32
587 32
588 32
589 32
590 32
591 32
592 32
593 32
594 32
595 32
596 32
597 32
598 32
599 31
600 31
601 31
602 31
603 31
604 31
605 31
606 31
607 31
608 31
609 31
610 31
611 31
612 31
613 31
614 31
615 31
616 31
617 31
618 31
619 31
620 31
621 31
622 31
623 31
624 31
625 31
626 31
627 31
628 31
629 31
630 31
631 31
632 31
633 31
634 31
635 31
636 31
637 31
638 31
639 31
640 31
641 31
642 30
643 30
644 30
645 30
646 30
647 30
648 30
649 30
650 30
651 30
652 30
653 30
654 30
655 30
656 30
657 30
658 30
659 30
660 30
661 30
662 30
663 30
664 30
665 30
666 30
667 30
668 30
669 30
670 30
671 30
672 30
673 30
674 29
675 29
676 29
677 29
678 29
679 29
680 29
681 29
682 29
683 29
684 29
685 29
686 29
687 29
688 29
689 29
690 29
691 29
692 29
693 29
694 29
695 29
696 29
697 29
698 29
699 29
700 29
701 29
702 29
703 29
704 29
705 29
706 29
707 29
708 29
709 29
710 29
711 29
712 29
713 29
714 29
715 29
716 28
717 28
718 28
719 28
720 28
721 28
722 28
723 28
724 28
725 28
726 28
727 28
728 28
729 28
730 28
731 28
732 28
733 28
734 28
735 28
736 28
737 28
738 28
739 28
740 28
741 28
742 28
743 28
744 28
745 28
746 28
747 28
748 28
749 28
750 28
751 28
752 28
753 28
754 28
755 28
756 28
757 27
758 27
759 27
760 27
761 27
762 27
763 27
764 27
765 27
766 27
767 27
768 27
769 27
770 27
771 27
772 27
773 27
774 27
775 27
776 27
777 27
778 27
779 27
780 27
781 27
782 27
783 27
784 27
785 27
786 27
787 27
788 27
789 27
790 27
791 27
792 27
793 27
794 27
795 27
796 27
797 27
798 27
799 27
800 27
801 26
802 26
803 26
804 26
805 26
806 26
807 26
808 26
809 26
810 26
811 26
812 26
813 26
814 26
815 26
816 26
817 26
818 26
819 26
820 26
821 26
822 26
823 26
824 26
825 26
826 26
827 26
828 26
829 26
830 26
831 26
832 26
833 26
834 26
835 26
836 26
837 26
838 26
839 26
840 26
841 26
842 26
843 26
844 26
845 26
846 26
847 26
848 26
849 26
850 26
851 26
852 26
853 26
854 26
855 26
856 26
857 26
858 26
859 25
860 25
861 25
862 25
863 25
864 25
865 25
866 25
867 25
868 25
869 25
870 25
871 25
872 25
873 25
874 25
875 25
876 25
877 25
878 25
879 25
880 25
881 25
882 25
883 25
884 25
885 25
886 25
887 25
888 25
889 25
890 25
891 25
892 25
893 25
894 25
895 25
896 25
897 25
898 25
899 25
900 25
901 25
902 25
903 25
904 25
905 25
906 25
907 25
908 25
909 25
910 25
911 25
912 25
913 25
914 24
915 24
916 24
917 24
918 24
919 24
920 24
921 24
922 24
923 24
924 24
925 24
926 24
927 24
928 24
929 24
930 24
931 24
932 24
933 24
934 24
935 24
936 24
937 24
938 24
939 24
940 24
941 24
942 24
943 24
944 24
945 24
946 24
947 24
948 24
949 24
950 24
951 24
952 24
953 24
954 24
955 24
956 24
957 24
958 24
959 24
960 24
961 24
962 24
963 24
964 24
965 24
966 24
967 24
968 24
969 24
970 24
971 24
972 24
973 24
974 24
975 24
976 24
977 23
978 23
979 23
980 23
981 23
982 23
983 23
984 23
985 23
986 23
987 23
988 23
989 23
990 23
991 23
992 23
993 23
994 23
995 23
996 23
997 23
998 23
999 23
1000 23
1001 23
1002 23
1003 23
1004 23
1005 23
1006 23
1007 23
1008 23
1009 23
1010 23
1011 23
1012 23
1013 23
1014 23
1015 23
1016 23
1017 23
1018 23
1019 23
1020 23
1021 23
1022 23
1023 23
1024 23
1025 23
1026 23
1027 23
1028 23
1029 23
1030 23
1031 23
1032 23
1033 23
1034 23
1035 23
1036 23
1037 23
1038 23
1039 23
1040 23
1041 23
1042 23
1043 23
1044 23
1045 23
1046 23
1047 23
1048 23
1049 23
1050 23
1051 23
1052 23
1053 23
1054 23
1055 23
1056 23
1057 23
1058 23
1059 23
1060 23
1061 23
1062 23
1063 22
1064 22
1065 22
1066 22
1067 22
1068 22
1069 22
1070 22
1071 22
1072 22
1073 22
1074 22
1075 22
1076 22
1077 22
1078 22
1079 22
1080 22
1081 22
1082 22
1083 22
1084 22
1085 22
1086 22
1087 22
1088 22
1089 22
1090 22
1091 22
1092 22
1093 22
1094 22
1095 22
1096 22
1097 22
1098 22
1099 22
1100 22
1101 22
1102 22
1103 22
1104 22
1105 22
1106 22
1107 22
1108 22
1109 22
1110 22
1111 22
1112 22
1113 22
1114 22
1115 22
1116 22
1117 22
1118 22
1119 22
1120 22
1121 22
1122 22
1123 22
1124 22
1125 22
1126 22
1127 22
1128 22
1129 22
1130 22
1131 22
1132 22
1133 22
1134 22
1135 22
1136 22
1137 22
1138 22
1139 22
1140 22
1141 22
1142 22
1143 22
1144 22
1145 22
1146 22
1147 22
1148 22
1149 22
1150 22
1151 21
1152 21
1153 21
1154 21
1155 21
1156 21
1157 21
1158 21
1159 21
1160 21
1161 21
1162 21
1163 21
1164 21
1165 21
1166 21
1167 21
1168 21
1169 21
1170 21
1171 21
1172 21
1173 21
1174 21
1175 21
1176 21
1177 21
1178 21
1179 21
1180 21
1181 21
1182 21
1183 21
1184 21
1185 21
1186 21
1187 21
1188 21
1189 21
1190 21
1191 21
1192 21
1193 21
1194 21
1195 21
1196 21
1197 21
1198 21
1199 21
1200 21
1201 21
1202 21
1203 21
1204 21
1205 21
1206 21
1207 21
1208 21
1209 21
1210 21
1211 21
1212 21
1213 21
1214 21
1215 21
1216 21
1217 21
1218 21
1219 21
1220 21
1221 21
1222 21
1223 21
1224 21
1225 21
1226 21
1227 21
1228 21
1229 21
1230 21
1231 21
1232 21
1233 21
1234 21
1235 21
1236 21
1237 21
1238 21
1239 21
1240 21
1241 21
1242 21
1243 20
1244 20
1245 20
1246 20
1247 20
1248 20
1249 20
1250 20
1251 20
1252 20
1253 20
1254 20
1255 20
1256 20
1257 20
1258 20
1259 20
1260 20
1261 20
1262 20
1263 20
1264 20
1265 20
1266 20
1267 20
1268 20
1269 20
1270 20
1271 20
1272 20
1273 20
1274 20
1275 20
1276 20
1277 20
1278 20
1279 20
1280 20
1281 20
1282 20
1283 20
1284 20
1285 20
1286 20
1287 20
1288 20
1289 20
1290 20
1291 20
1292 20
1293 20
1294 20
1295 20
1296 20
1297 20
1298 20
1299 20
1300 20
1301 20
1302 20
1303 20
1304 20
1305 20
1306 20
1307 20
1308 20
1309 20
1310 20
1311 20
1312 20
1313 20
1314 20
1315 20
1316 20
1317 20
1318 20
1319 20
1320 20
1321 20
1322 19
1323 19
1324 19
1325 19
1326 19
1327 19
1328 19
1329 19
1330 19
1331 19
1332 19
1333 19
1334 19
1335 19
1336 19
1337 19
1338 19
1339 19
1340 19
1341 19
1342 19
1343 19
1344 19
1345 19
1346 19
1347 19
1348 19
1349 19
1350 19
1351 19
1352 19
1353 19
1354 19
1355 19
1356 19
1357 19
1358 19
1359 19
1360 19
1361 19
1362 19
1363 19
1364 19
1365 19
1366 19
1367 19
1368 19
1369 19
1370 19
1371 19
1372 19
1373 19
1374 19
1375 19
1376 19
1377 19
1378 19
1379 19
1380 19
1381 19
1382 19
1383 19
1384 19
1385 19
1386 19
1387 19
1388 19
1389 19
1390 19
1391 19
1392 19
1393 19
1394 19
1395 19
1396 19
1397 19
1398 19
1399 19
1400 19
1401 19
1402 19
1403 19
1404 19
1405 19
1406 19
1407 19
1408 19
1409 19
1410 19
1411 19
1412 19
1413 19
1414 19
1415 19
1416 19
1417 19
1418 18
1419 18
1420 18
1421 18
1422 18
1423 18
1424 18
1425 18
1426 18
1427 18
1428 18
1429 18
1430 18
1431 18
1432 18
1433 18
1434 18
1435 18
1436 18
1437 18
1438 18
1439 18
1440 18
1441 18
1442 18
1443 18
1444 18
1445 18
1446 18
1447 18
1448 18
1449 18
1450 18
1451 18
1452 18
1453 18
1454 18
1455 18
1456 18
1457 18
1458 18
1459 18
1460 18
1461 18
1462 18
1463 18
1464 18
1465 18
1466 18
1467 18
1468 18
1469 18
1470 18
1471 18
1472 18
1473 18
1474 18
1475 18
1476 18
1477 18
1478 18
1479 18
1480 18
1481 18
1482 18
1483 18
1484 18
1485 18
1486 18
1487 18
1488 18
1489 18
1490 18
1491 18
1492 18
1493 18
1494 18
1495 18
1496 18
1497 18
1498 18
1499 18
1500 18
1501 18
1502 18
1503 18
1504 18
1505 18
1506 18
1507 18
1508 18
1509 18
1510 18
1511 18
1512 18
1513 18
1514 18
1515 18
1516 18
1517 18
1518 18
1519 18
1520 18
1521 18
1522 18
1523 18
1524 18
1525 18
1526 18
1527 18
1528 18
1529 18
1530 18
1531 18
1532 18
1533 17
1534 17
1535 17
1536 17
1537 17
1538 17
1539 17
1540 17
1541 17
1542 17
1543 17
1544 17
1545 17
1546 17
1547 17
1548 17
1549 17
1550 17
1551 17
1552 17
1553 17
1554 17
1555 17
1556 17
1557 17
1558 17
1559 17
1560 17
1561 17
1562 17
1563 17
1564 17
1565 17
1566 17
1567 17
1568 17
1569 17
1570 17
1571 17
1572 17
1573 17
1574 17
1575 17
1576 17
1577 17
1578 17
1579 17
1580 17
1581 17
1582 17
1583 17
1584 17
1585 17
1586 17
1587 17
1588 17
1589 17
1590 17
1591 17
1592 17
1593 17
1594 17
1595 17
1596 17
1597 17
1598 17
1599 17
1600 17
1601 17
1602 17
1603 17
1604 17
1605 17
1606 17
1607 17
1608 17
1609 17
1610 17
1611 17
1612 17
1613 17
1614 17
1615 17
1616 17
1617 17
1618 17
1619 17
1620 17
1621 17
1622 17
1623 17
1624 17
1625 17
1626 17
1627 17
1628 17
1629 17
1630 17
1631 17
1632 17
1633 17
1634 17
1635 17
1636 17
1637 17
1638 17
1639 17
1640 17
1641 17
1642 17
1643 17
1644 17
1645 17
1646 17
1647 16
1648 16
1649 16
1650 16
1651 16
1652 16
1653 16
1654 16
1655 16
1656 16
1657 16
1658 16
1659 16
1660 16
1661 16
1662 16
1663 16
1664 16
1665 16
1666 16
1667 16
1668 16
1669 16
1670 16
1671 16
1672 16
1673 16
1674 16
1675 16
1676 16
1677 16
1678 16
1679 16
1680 16
1681 16
1682 16
1683 16
1684 16
1685 16
1686 16
1687 16
1688 16
1689 16
1690 16
1691 16
1692 16
1693 16
1694 16
1695 16
1696 16
1697 16
1698 16
1699 16
1700 16
1701 16
1702 16
1703 16
1704 16
1705 16
1706 16
1707 16
1708 16
1709 16
1710 16
1711 16
1712 16
1713 16
1714 16
1715 16
1716 16
1717 16
1718 16
1719 16
1720 16
1721 16
1722 16
1723 16
1724 16
1725 16
1726 16
1727 16
1728 16
1729 16
1730 16
1731 16
1732 16
1733 16
1734 16
1735 16
1736 16
1737 16
1738 16
1739 16
1740 16
1741 16
1742 16
1743 16
1744 16
1745 16
1746 16
1747 16
1748 16
1749 16
1750 16
1751 16
1752 16
1753 16
1754 16
1755 16
1756 16
1757 16
1758 16
1759 16
1760 16
1761 15
1762 15
1763 15
1764 15
1765 15
1766 15
1767 15
1768 15
1769 15
1770 15
1771 15
1772 15
1773 15
1774 15
1775 15
1776 15
1777 15
1778 15
1779 15
1780 15
1781 15
1782 15
1783 15
1784 15
1785 15
1786 15
1787 15
1788 15
1789 15
1790 15
1791 15
1792 15
1793 15
1794 15
1795 15
1796 15
1797 15
1798 15
1799 15
1800 15
1801 15
1802 15
1803 15
1804 15
1805 15
1806 15
1807 15
1808 15
1809 15
1810 15
1811 15
1812 15
1813 15
1814 15
1815 15
1816 15
1817 15
1818 15
1819 15
1820 15
1821 15
1822 15
1823 15
1824 15
1825 15
1826 15
1827 15
1828 15
1829 15
1830 15
1831 15
1832 15
1833 15
1834 15
1835 15
1836 15
1837 15
1838 15
1839 15
1840 15
1841 15
1842 15
1843 15
1844 15
1845 15
1846 15
1847 15
1848 15
1849 15
1850 15
1851 15
1852 15
1853 15
1854 15
1855 15
1856 15
1857 15
1858 15
1859 15
1860 15
1861 15
1862 15
1863 15
1864 15
1865 15
1866 15
1867 15
1868 15
1869 15
1870 15
1871 15
1872 15
1873 15
1874 15
1875 15
1876 15
1877 15
1878 15
1879 15
1880 15
1881 15
1882 15
1883 15
1884 15
1885 15
1886 15
1887 15
1888 15
1889 15
1890 15
1891 15
1892 15
1893 15
1894 15
1895 15
1896 15
1897 15
1898 15
1899 15
1900 14
1901 14
1902 14
1903 14
1904 14
1905 14
1906 14
1907 14
1908 14
1909 14
1910 14
1911 14
1912 14
1913 14
1914 14
1915 14
1916 14
1917 14
1918 14
1919 14
1920 14
1921 14
1922 14
1923 14
1924 14
1925 14
1926 14
1927 14
1928 14
1929 14
1930 14
1931 14
1932 14
1933 14
1934 14
1935 14
1936 14
1937 14
1938 14
1939 14
1940 14
1941 14
1942 14
1943 14
1944 14
1945 14
1946 14
1947 14
1948 14
1949 14
1950 14
1951 14
1952 14
1953 14
1954 14
1955 14
1956 14
1957 14
1958 14
1959 14
1960 14
1961 14
1962 14
1963 14
1964 14
1965 14
1966 14
1967 14
1968 14
1969 14
1970 14
1971 14
1972 14
1973 14
1974 14
1975 14
1976 14
1977 14
1978 14
1979 14
1980 14
1981 14
1982 14
1983 14
1984 14
1985 14
1986 14
1987 14
1988 14
1989 14
1990 14
1991 14
1992 14
1993 14
1994 14
1995 14
1996 14
1997 14
1998 14
1999 14
2000 14
2001 14
2002 14
2003 14
2004 14
2005 14
2006 14
2007 14
2008 14
2009 14
2010 14
2011 14
2012 14
2013 14
2014 14
2015 14
2016 14
2017 14
2018 14
2019 14
2020 14
2021 14
2022 14
2023 14
2024 14
2025 14
2026 14
2027 14
2028 14
2029 14
2030 14
2031 14
2032 14
2033 14
2034 14
2035 14
2036 14
2037 14
2038 14
2039 14
2040 14
2041 14
2042 14
2043 14
2044 14
2045 14
2046 14
2047 14
2048 14
2049 14
2050 14
2051 14
2052 14
2053 14
2054 14
2055 14
2056 14
2057 14
2058 14
2059 14
2060 14
2061 14
2062 14
2063 14
2064 14
2065 14
2066 14
2067 14
2068 14
2069 14
2070 14
2071 14
2072 14
2073 14
2074 14
2075 14
2076 14
2077 14
2078 14
2079 14
2080 14
2081 14
2082 14
2083 13
2084 13
2085 13
2086 13
2087 13
2088 13
2089 13
2090 13
2091 13
2092 13
2093 13
2094 13
2095 13
2096 13
2097 13
2098 13
2099 13
2100 13
2101 13
2102 13
2103 13
2104 13
2105 13
2106 13
2107 13
2108 13
2109 13
2110 13
2111 13
2112 13
2113 13
2114 13
2115 13
2116 13
2117 13
2118 13
2119 13
2120 13
2121 13
2122 13
2123 13
2124 13
2125 13
2126 13
2127 13
2128 13
2129 13
2130 13
2131 13
2132 13
2133 13
2134 13
2135 13
2136 13
2137 13
2138 13
2139 13
2140 13
2141 13
2142 13
2143 13
2144 13
2145 13
2146 13
2147 13
2148 13
2149 13
2150 13
2151 13
2152 13
2153 13
2154 13
2155 13
2156 13
2157 13
2158 13
2159 13
2160 13
2161 13
2162 13
2163 13
2164 13
2165 13
2166 13
2167 13
2168 13
2169 13
2170 13
2171 13
2172 13
2173 13
2174 13
2175 13
2176 13
2177 13
2178 13
2179 13
2180 13
2181 13
2182 13
2183 13
2184 13
2185 13
2186 13
2187 13
2188 13
2189 13
2190 13
2191 13
2192 13
2193 13
2194 13
2195 13
2196 13
2197 13
2198 13
2199 13
2200 13
2201 13
2202 13
2203 13
2204 13
2205 13
2206 13
2207 13
2208 13
2209 13
2210 13
2211 13
2212 13
2213 13
2214 13
2215 13
2216 13
2217 13
2218 13
2219 13
2220 13
2221 13
2222 13
2223 13
2224 13
2225 13
2226 13
2227 13
2228 13
2229 13
2230 13
2231 13
2232 13
2233 13
2234 13
2235 13
2236 13
2237 13
2238 13
2239 13
2240 13
2241 13
2242 13
2243 13
2244 13
2245 13
2246 13
2247 13
2248 13
2249 13
2250 13
2251 13
2252 13
2253 13
2254 13
2255 13
2256 12
2257 12
2258 12
2259 12
2260 12
2261 12
2262 12
2263 12
2264 12
2265 12
2266 12
2267 12
2268 12
2269 12
2270 12
2271 12
2272 12
2273 12
2274 12
2275 12
2276 12
2277 12
2278 12
2279 12
2280 12
2281 12
2282 12
2283 12
2284 12
2285 12
2286 12
2287 12
2288 12
2289 12
2290 12
2291 12
2292 12
2293 12
2294 12
2295 12
2296 12
2297 12
2298 12
2299 12
2300 12
2301 12
2302 12
2303 12
2304 12
2305 12
2306 12
2307 12
2308 12
2309 12
2310 12
2311 12
2312 12
2313 12
2314 12
2315 12
2316 12
2317 12
2318 12
2319 12
2320 12
2321 12
2322 12
2323 12
2324 12
2325 12
2326 12
2327 12
2328 12
2329 12
2330 12
2331 12
2332 12
2333 12
2334 12
2335 12
2336 12
2337 12
2338 12
2339 12
2340 12
2341 12
2342 12
2343 12
2344 12
2345 12
2346 12
2347 12
2348 12
2349 12
2350 12
2351 12
2352 12
2353 12
2354 12
2355 12
2356 12
2357 12
2358 12
2359 12
2360 12
2361 12
2362 12
2363 12
2364 12
2365 12
2366 12
2367 12
2368 12
2369 12
2370 12
2371 12
2372 12
2373 12
2374 12
2375 12
2376 12
2377 12
2378 12
2379 12
2380 12
2381 12
2382 12
2383 12
2384 12
2385 12
2386 12
2387 12
2388 12
2389 12
2390 12
2391 12
2392 12
2393 12
2394 12
2395 12
2396 12
2397 12
2398 12
2399 12
2400 12
2401 12
2402 12
2403 12
2404 12
2405 12
2406 12
2407 12
2408 12
2409 12
2410 12
2411 12
2412 12
2413 12
2414 12
2415 12
2416 12
2417 12
2418 12
2419 12
2420 12
2421 12
2422 12
2423 12
2424 12
2425 12
2426 12
2427 12
2428 12
2429 12
2430 12
2431 12
2432 12
2433 12
2434 12
2435 12
2436 12
2437 12
2438 12
2439 12
2440 12
2441 12
2442 12
2443 12
2444 12
2445 12
2446 12
2447 12
2448 12
2449 12
2450 12
2451 12
2452 12
2453 12
2454 12
2455 12
2456 12
2457 11
2458 11
2459 11
2460 11
2461 11
2462 11
2463 11
2464 11
2465 11
2466 11
2467 11
2468 11
2469 11
2470 11
2471 11
2472 11
2473 11
2474 11
2475 11
2476 11
2477 11
2478 11
2479 11
2480 11
2481 11
2482 11
2483 11
2484 11
2485 11
2486 11
2487 11
2488 11
2489 11
2490 11
2491 11
2492 11
2493 11
2494 11
2495 11
2496 11
2497 11
2498 11
2499 11
2500 11
2501 11
2502 11
2503 11
2504 11
2505 11
2506 11
2507 11
2508 11
2509 11
2510 11
2511 11
2512 11
2513 11
2514 11
2515 11
2516 11
2517 11
2518 11
2519 11
2520 11
2521 11
2522 11
2523 11
2524 11
2525 11
2526 11
2527 11
2528 11
2529 11
2530 11
2531 11
2532 11
2533 11
2534 11
2535 11
2536 11
2537 11
2538 11
2539 11
2540 11
2541 11
2542 11
2543 11
2544 11
2545 11
2546 11
2547 11
2548 11
2549 11
2550 11
2551 11
2552 11
2553 11
2554 11
2555 11
2556 11
2557 11
2558 11
2559 11
2560 11
2561 11
2562 11
2563 11
2564 11
2565 11
2566 11
2567 11
2568 11
2569 11
2570 11
2571 11
2572 11
2573 11
2574 11
2575 11
2576 11
2577 11
2578 11
2579 11
2580 11
2581 11
2582 11
2583 11
2584 11
2585 11
2586 11
2587 11
2588 11
2589 11
2590 11
2591 11
2592 11
2593 11
2594 11
2595 11
2596 11
2597 11
2598 11
2599 11
2600 11
2601 11
2602 11
2603 11
2604 11
2605 11
2606 11
2607 11
2608 11
2609 11
2610 11
2611 11
2612 11
2613 11
2614 11
2615 11
2616 11
2617 11
2618 11
2619 11
2620 11
2621 11
2622 11
2623 11
2624 11
2625 11
2626 11
2627 11
2628 11
2629 11
2630 11
2631 11
2632 11
2633 11
2634 11
2635 11
2636 11
2637 11
2638 11
2639 11
2640 11
2641 11
2642 11
2643 11
2644 11
2645 11
2646 11
2647 11
2648 11
2649 11
2650 11
2651 11
2652 11
2653 11
2654 11
2655 11
2656 11
2657 11
2658 11
2659 11
2660 11
2661 11
2662 11
2663 11
2664 11
2665 11
2666 11
2667 11
2668 11
2669 11
2670 11
2671 11
2672 11
2673 11
2674 11
2675 11
2676 11
2677 11
2678 10
2679 10
2680 10
2681 10
2682 10
2683 10
2684 10
2685 10
2686 10
2687 10
2688 10
2689 10
2690 10
2691 10
2692 10
2693 10
2694 10
2695 10
2696 10
2697 10
2698 10
2699 10
2700 10
2701 10
2702 10
2703 10
2704 10
2705 10
2706 10
2707 10
2708 10
2709 10
2710 10
2711 10
2712 10
2713 10
2714 10
2715 10
2716 10
2717 10
2718 10
2719 10
2720 10
2721 10
2722 10
2723 10
2724 10
2725 10
2726 10
2727 10
2728 10
2729 10
2730 10
2731 10
2732 10
2733 10
2734 10
2735 10
2736 10
2737 10
2738 10
2739 10
2740 10
2741 10
2742 10
2743 10
2744 10
2745 10
2746 10
2747 10
2748 10
2749 10
2750 10
2751 10
2752 10
2753 10
2754 10
2755 10
2756 10
2757 10
2758 10
2759 10
2760 10
2761 10
2762 10
2763 10
2764 10
2765 10
2766 10
2767 10
2768 10
2769 10
2770 10
2771 10
2772 10
2773 10
2774 10
2775 10
2776 10
2777 10
2778 10
2779 10
2780 10
2781 10
2782 10
2783 10
2784 10
2785 10
2786 10
2787 10
2788 10
2789 10
2790 10
2791 10
2792 10
2793 10
2794 10
2795 10
2796 10
2797 10
2798 10
2799 10
2800 10
2801 10
2802 10
2803 10
2804 10
2805 10
2806 10
2807 10
2808 10
2809 10
2810 10
2811 10
2812 10
2813 10
2814 10
2815 10
2816 10
2817 10
2818 10
2819 10
2820 10
2821 10
2822 10
2823 10
2824 10
2825 10
2826 10
2827 10
2828 10
2829 10
2830 10
2831 10
2832 10
2833 10
2834 10
2835 10
2836 10
2837 10
2838 10
2839 10
2840 10
2841 10
2842 10
2843 10
2844 10
2845 10
2846 10
2847 10
2848 10
2849 10
2850 10
2851 10
2852 10
2853 10
2854 10
2855 10
2856 10
2857 10
2858 10
2859 10
2860 10
2861 10
2862 10
2863 10
2864 10
2865 10
2866 10
2867 10
2868 10
2869 10
2870 10
2871 10
2872 10
2873 10
2874 10
2875 10
2876 10
2877 10
2878 10
2879 10
2880 10
2881 10
2882 10
2883 10
2884 10
2885 10
2886 10
2887 10
2888 10
2889 10
2890 10
2891 10
2892 10
2893 10
2894 10
2895 10
2896 10
2897 10
2898 10
2899 10
2900 10
2901 10
2902 10
2903 10
2904 10
2905 10
2906 10
2907 10
2908 10
2909 10
2910 10
2911 10
2912 10
2913 10
2914 10
2915 10
2916 10
2917 10
2918 10
2919 10
2920 10
2921 10
2922 10
2923 10
2924 10
2925 10
2926 10
2927 10
2928 9
2929 9
2930 9
2931 9
2932 9
2933 9
2934 9
2935 9
2936 9
2937 9
2938 9
2939 9
2940 9
2941 9
2942 9
2943 9
2944 9
2945 9
2946 9
2947 9
2948 9
2949 9
2950 9
2951 9
2952 9
2953 9
2954 9
2955 9
2956 9
2957 9
2958 9
2959 9
2960 9
2961 9
2962 9
2963 9
2964 9
2965 9
2966 9
2967 9
2968 9
2969 9
2970 9
2971 9
2972 9
2973 9
2974 9
2975 9
2976 9
2977 9
2978 9
2979 9
2980 9
2981 9
2982 9
2983 9
2984 9
2985 9
2986 9
2987 9
2988 9
2989 9
2990 9
2991 9
2992 9
2993 9
2994 9
2995 9
2996 9
2997 9
2998 9
2999 9
3000 9
3001 9
3002 9
3003 9
3004 9
3005 9
3006 9
3007 9
3008 9
3009 9
3010 9
3011 9
3012 9
3013 9
3014 9
3015 9
3016 9
3017 9
3018 9
3019 9
3020 9
3021 9
3022 9
3023 9
3024 9
3025 9
3026 9
3027 9
3028 9
3029 9
3030 9
3031 9
3032 9
3033 9
3034 9
3035 9
3036 9
3037 9
3038 9
3039 9
3040 9
3041 9
3042 9
3043 9
3044 9
3045 9
3046 9
3047 9
3048 9
3049 9
3050 9
3051 9
3052 9
3053 9
3054 9
3055 9
3056 9
3057 9
3058 9
3059 9
3060 9
3061 9
3062 9
3063 9
3064 9
3065 9
3066 9
3067 9
3068 9
3069 9
3070 9
3071 9
3072 9
3073 9
3074 9
3075 9
3076 9
3077 9
3078 9
3079 9
3080 9
3081 9
3082 9
3083 9
3084 9
3085 9
3086 9
3087 9
3088 9
3089 9
3090 9
3091 9
3092 9
3093 9
3094 9
3095 9
3096 9
3097 9
3098 9
3099 9
3100 9
3101 9
3102 9
3103 9
3104 9
3105 9
3106 9
3107 9
3108 9
3109 9
3110 9
3111 9
3112 9
3113 9
3114 9
3115 9
3116 9
3117 9
3118 9
3119 9
3120 9
3121 9
3122 9
3123 9
3124 9
3125 9
3126 9
3127 9
3128 9
3129 9
3130 9
3131 9
3132 9
3133 9
3134 9
3135 9
3136 9
3137 9
3138 9
3139 9
3140 9
3141 9
3142 9
3143 9
3144 9
3145 9
3146 9
3147 9
3148 9
3149 9
3150 9
3151 9
3152 9
3153 9
3154 9
3155 9
3156 9
3157 9
3158 9
3159 9
3160 9
3161 9
3162 9
3163 9
3164 9
3165 9
3166 9
3167 9
3168 9
3169 9
3170 9
3171 9
3172 9
3173 9
3174 9
3175 9
3176 9
3177 9
3178 9
3179 9
3180 9
3181 9
3182 9
3183 9
3184 9
3185 9
3186 9
3187 9
3188 9
3189 8
3190 8
3191 8
3192 8
3193 8
3194 8
3195 8
3196 8
3197 8
3198 8
3199 8
3200 8
3201 8
3202 8
3203 8
3204 8
3205 8
3206 8
3207 8
3208 8
3209 8
3210 8
3211 8
3212 8
3213 8
3214 8
3215 8
3216 8
3217 8
3218 8
3219 8
3220 8
3221 8
3222 8
3223 8
3224 8
3225 8
3226 8
3227 8
3228 8
3229 8
3230 8
3231 8
3232 8
3233 8
3234 8
3235 8
3236 8
3237 8
3238 8
3239 8
3240 8
3241 8
3242 8
3243 8
3244 8
3245 8
3246 8
3247 8
3248 8
3249 8
3250 8
3251 8
3252 8
3253 8
3254 8
3255 8
3256 8
3257 8
3258 8
3259 8
3260 8
3261 8
3262 8
3263 8
3264 8
3265 8
3266 8
3267 8
3268 8
3269 8
3270 8
3271 8
3272 8
3273 8
3274 8
3275 8
3276 8
3277 8
3278 8
3279 8
3280 8
3281 8
3282 8
3283 8
3284 8
3285 8
3286 8
3287 8
3288 8
3289 8
3290 8
3291 8
3292 8
3293 8
3294 8
3295 8
3296 8
3297 8
3298 8
3299 8
3300 8
3301 8
3302 8
3303 8
3304 8
3305 8
3306 8
3307 8
3308 8
3309 8
3310 8
3311 8
3312 8
3313 8
3314 8
3315 8
3316 8
3317 8
3318 8
3319 8
3320 8
3321 8
3322 8
3323 8
3324 8
3325 8
3326 8
3327 8
3328 8
3329 8
3330 8
3331 8
3332 8
3333 8
3334 8
3335 8
3336 8
3337 8
3338 8
3339 8
3340 8
3341 8
3342 8
3343 8
3344 8
3345 8
3346 8
3347 8
3348 8
3349 8
3350 8
3351 8
3352 8
3353 8
3354 8
3355 8
3356 8
3357 8
3358 8
3359 8
3360 8
3361 8
3362 8
3363 8
3364 8
3365 8
3366 8
3367 8
3368 8
3369 8
3370 8
3371 8
3372 8
3373 8
3374 8
3375 8
3376 8
3377 8
3378 8
3379 8
3380 8
3381 8
3382 8
3383 8
3384 8
3385 8
3386 8
3387 8
3388 8
3389 8
3390 8
3391 8
3392 8
3393 8
3394 8
3395 8
3396 8
3397 8
3398 8
3399 8
3400 8
3401 8
3402 8
3403 8
3404 8
3405 8
3406 8
3407 8
3408 8
3409 8
3410 8
3411 8
3412 8
3413 8
3414 8
3415 8
3416 8
3417 8
3418 8
3419 8
3420 8
3421 8
3422 8
3423 8
3424 8
3425 8
3426 8
3427 8
3428 8
3429 8
3430 8
3431 8
3432 8
3433 8
3434 8
3435 8
3436 8
3437 8
3438 8
3439 8
3440 8
3441 8
3442 8
3443 8
3444 8
3445 8
3446 8
3447 8
3448 8
3449 8
3450 8
3451 8
3452 8
3453 8
3454 8
3455 8
3456 8
3457 8
3458 8
3459 8
3460 8
3461 8
3462 8
3463 8
3464 8
3465 8
3466 8
3467 8
3468 7
3469 7
3470 7
3471 7
3472 7
3473 7
3474 7
3475 7
3476 7
3477 7
3478 7
3479 7
3480 7
3481 7
3482 7
3483 7
3484 7
3485 7
3486 7
3487 7
3488 7
3489 7
3490 7
3491 7
3492 7
3493 7
3494 7
3495 7
3496 7
3497 7
3498 7
3499 7
3500 7
3501 7
3502 7
3503 7
3504 7
3505 7
3506 7
3507 7
3508 7
3509 7
3510 7
3511 7
3512 7
3513 7
3514 7
3515 7
3516 7
3517 7
3518 7
3519 7
3520 7
3521 7
3522 7
3523 7
3524 7
3525 7
3526 7
3527 7
3528 7
3529 7
3530 7
3531 7
3532 7
3533 7
3534 7
3535 7
3536 7
3537 7
3538 7
3539 7
3540 7
3541 7
3542 7
3543 7
3544 7
3545 7
3546 7
3547 7
3548 7
3549 7
3550 7
3551 7
3552 7
3553 7
3554 7
3555 7
3556 7
3557 7
3558 7
3559 7
3560 7
3561 7
3562 7
3563 7
3564 7
3565 7
3566 7
3567 7
3568 7
3569 7
3570 7
3571 7
3572 7
3573 7
3574 7
3575 7
3576 7
3577 7
3578 7
3579 7
3580 7
3581 7
3582 7
3583 7
3584 7
3585 7
3586 7
3587 7
3588 7
3589 7
3590 7
3591 7
3592 7
3593 7
3594 7
3595 7
3596 7
3597 7
3598 7
3599 7
3600 7
3601 7
3602 7
3603 7
3604 7
3605 7
3606 7
3607 7
3608 7
3609 7
3610 7
3611 7
3612 7
3613 7
3614 7
3615 7
3616 7
3617 7
3618 7
3619 7
3620 7
3621 7
3622 7
3623 7
3624 7
3625 7
3626 7
3627 7
3628 7
3629 7
3630 7
3631 7
3632 7
3633 7
3634 7
3635 7
3636 7
3637 7
3638 7
3639 7
3640 7
3641 7
3642 7
3643 7
3644 7
3645 7
3646 7
3647 7
3648 7
3649 7
3650 7
3651 7
3652 7
3653 7
3654 7
3655 7
3656 7
3657 7
3658 7
3659 7
3660 7
3661 7
3662 7
3663 7
3664 7
3665 7
3666 7
3667 7
3668 7
3669 7
3670 7
3671 7
3672 7
3673 7
3674 7
3675 7
3676 7
3677 7
3678 7
3679 7
3680 7
3681 7
3682 7
3683 7
3684 7
3685 7
3686 7
3687 7
3688 7
3689 7
3690 7
3691 7
3692 7
3693 7
3694 7
3695 7
3696 7
3697 7
3698 7
3699 7
3700 7
3701 7
3702 7
3703 7
3704 7
3705 7
3706 7
3707 7
3708 7
3709 7
3710 7
3711 7
3712 7
3713 7
3714 7
3715 7
3716 7
3717 7
3718 7
3719 7
3720 7
3721 7
3722 7
3723 7
3724 7
3725 7
3726 7
3727 7
3728 7
3729 7
3730 7
3731 7
3732 7
3733 7
3734 7
3735 7
3736 7
3737 7
3738 7
3739 7
3740 7
3741 7
3742 7
3743 7
3744 7
3745 7
3746 7
3747 7
3748 7
3749 7
3750 7
3751 7
3752 7
3753 7
3754 7
3755 7
3756 7
3757 7
3758 7
3759 7
3760 7
3761 7
3762 7
3763 7
3764 7
3765 7
3766 7
3767 7
3768 6
3769 6
3770 6
3771 6
3772 6
3773 6
3774 6
3775 6
3776 6
3777 6
3778 6
3779 6
3780 6
3781 6
3782 6
3783 6
3784 6
3785 6
3786 6
3787 6
3788 6
3789 6
3790 6
3791 6
3792 6
3793 6
3794 6
3795 6
3796 6
3797 6
3798 6
3799 6
3800 6
3801 6
3802 6
3803 6
3804 6
3805 6
3806 6
3807 6
3808 6
3809 6
3810 6
3811 6
3812 6
3813 6
3814 6
3815 6
3816 6
3817 6
3818 6
3819 6
3820 6
3821 6
3822 6
3823 6
3824 6
3825 6
3826 6
3827 6
3828 6
3829 6
3830 6
3831 6
3832 6
3833 6
3834 6
3835 6
3836 6
3837 6
3838 6
3839 6
3840 6
3841 6
3842 6
3843 6
3844 6
3845 6
3846 6
3847 6
3848 6
3849 6
3850 6
3851 6
3852 6
3853 6
3854 6
3855 6
3856 6
3857 6
3858 6
3859 6
3860 6
3861 6
3862 6
3863 6
3864 6
3865 6
3866 6
3867 6
3868 6
3869 6
3870 6
3871 6
3872 6
3873 6
3874 6
3875 6
3876 6
3877 6
3878 6
3879 6
3880 6
3881 6
3882 6
3883 6
3884 6
3885 6
3886 6
3887 6
3888 6
3889 6
3890 6
3891 6
3892 6
3893 6
3894 6
3895 6
3896 6
3897 6
3898 6
3899 6
3900 6
3901 6
3902 6
3903 6
3904 6
3905 6
3906 6
3907 6
3908 6
3909 6
3910 6
3911 6
3912 6
3913 6
3914 6
3915 6
3916 6
3917 6
3918 6
3919 6
3920 6
3921 6
3922 6
3923 6
3924 6
3925 6
3926 6
3927 6
3928 6
3929 6
3930 6
3931 6
3932 6
3933 6
3934 6
3935 6
3936 6
3937 6
3938 6
3939 6
3940 6
3941 6
3942 6
3943 6
3944 6
3945 6
3946 6
3947 6
3948 6
3949 6
3950 6
3951 6
3952 6
3953 6
3954 6
3955 6
3956 6
3957 6
3958 6
3959 6
3960 6
3961 6
3962 6
3963 6
3964 6
3965 6
3966 6
3967 6
3968 6
3969 6
3970 6
3971 6
3972 6
3973 6
3974 6
3975 6
3976 6
3977 6
3978 6
3979 6
3980 6
3981 6
3982 6
3983 6
3984 6
3985 6
3986 6
3987 6
3988 6
3989 6
3990 6
3991 6
3992 6
3993 6
3994 6
3995 6
3996 6
3997 6
3998 6
3999 6
4000 6
4001 6
4002 6
4003 6
4004 6
4005 6
4006 6
4007 6
4008 6
4009 6
4010 6
4011 6
4012 6
4013 6
4014 6
4015 6
4016 6
4017 6
4018 6
4019 6
4020 6
4021 6
4022 6
4023 6
4024 6
4025 6
4026 6
4027 6
4028 6
4029 6
4030 6
4031 6
4032 6
4033 6
4034 6
4035 6
4036 6
4037 6
4038 6
4039 6
4040 6
4041 6
4042 6
4043 6
4044 6
4045 6
4046 6
4047 6
4048 6
4049 6
4050 6
4051 6
4052 6
4053 6
4054 6
4055 6
4056 6
4057 6
4058 6
4059 6
4060 6
4061 6
4062 6
4063 6
4064 6
4065 6
4066 6
4067 6
4068 6
4069 6
4070 6
4071 6
4072 6
4073 6
4074 6
4075 6
4076 6
4077 6
4078 6
4079 6
4080 6
4081 6
4082 6
4083 6
4084 6
4085 6
4086 6
4087 6
4088 6
4089 6
4090 6
4091 6
4092 6
4093 6
4094 6
4095 6
4096 6
4097 6
4098 6
4099 6
4100 6
4101 6
4102 6
4103 6
4104 6
4105 6
4106 6
4107 6
4108 6
4109 5
4110 5
4111 5
4112 5
4113 5
4114 5
4115 5
4116 5
4117 5
4118 5
4119 5
4120 5
4121 5
4122 5
4123 5
4124 5
4125 5
4126 5
4127 5
4128 5
4129 5
4130 5
4131 5
4132 5
4133 5
4134 5
4135 5
4136 5
4137 5
4138 5
4139 5
4140 5
4141 5
4142 5
4143 5
4144 5
4145 5
4146 5
4147 5
4148 5
4149 5
4150 5
4151 5
4152 5
4153 5
4154 5
4155 5
4156 5
4157 5
4158 5
4159 5
4160 5
4161 5
4162 5
4163 5
4164 5
4165 5
4166 5
4167 5
4168 5
4169 5
4170 5
4171 5
4172 5
4173 5
4174 5
4175 5
4176 5
4177 5
4178 5
4179 5
4180 5
4181 5
4182 5
4183 5
4184 5
4185 5
4186 5
4187 5
4188 5
4189 5
4190 5
4191 5
4192 5
4193 5
4194 5
4195 5
4196 5
4197 5
4198 5
4199 5
4200 5
4201 5
4202 5
4203 5
4204 5
4205 5
4206 5
4207 5
4208 5
4209 5
4210 5
4211 5
4212 5
4213 5
4214 5
4215 5
4216 5
4217 5
4218 5
4219 5
4220 5
4221 5
4222 5
4223 5
4224 5
4225 5
4226 5
4227 5
4228 5
4229 5
4230 5
4231 5
4232 5
4233 5
4234 5
4235 5
4236 5
4237 5
4238 5
4239 5
4240 5
4241 5
4242 5
4243 5
4244 5
4245 5
4246 5
4247 5
4248 5
4249 5
4250 5
4251 5
4252 5
4253 5
4254 5
4255 5
4256 5
4257 5
4258 5
4259 5
4260 5
4261 5
4262 5
4263 5
4264 5
4265 5
4266 5
4267 5
4268 5
4269 5
4270 5
4271 5
4272 5
4273 5
4274 5
4275 5
4276 5
4277 5
4278 5
4279 5
4280 5
4281 5
4282 5
4283 5
4284 5
4285 5
4286 5
4287 5
4288 5
4289 5
4290 5
4291 5
4292 5
4293 5
4294 5
4295 5
4296 5
4297 5
4298 5
4299 5
4300 5
4301 5
4302 5
4303 5
4304 5
4305 5
4306 5
4307 5
4308 5
4309 5
4310 5
4311 5
4312 5
4313 5
4314 5
4315 5
4316 5
4317 5
4318 5
4319 5
4320 5
4321 5
4322 5
4323 5
4324 5
4325 5
4326 5
4327 5
4328 5
4329 5
4330 5
4331 5
4332 5
4333 5
4334 5
4335 5
4336 5
4337 5
4338 5
4339 5
4340 5
4341 5
4342 5
4343 5
4344 5
4345 5
4346 5
4347 5
4348 5
4349 5
4350 5
4351 5
4352 5
4353 5
4354 5
4355 5
4356 5
4357 5
4358 5
4359 5
4360 5
4361 5
4362 5
4363 5
4364 5
4365 5
4366 5
4367 5
4368 5
4369 5
4370 5
4371 5
4372 5
4373 5
4374 5
4375 5
4376 5
4377 5
4378 5
4379 5
4380 5
4381 5
4382 5
4383 5
4384 5
4385 5
4386 5
4387 5
4388 5
4389 5
4390 5
4391 5
4392 5
4393 5
4394 5
4395 5
4396 5
4397 5
4398 5
4399 5
4400 5
4401 5
4402 5
4403 5
4404 5
4405 5
4406 5
4407 5
4408 5
4409 5
4410 5
4411 5
4412 5
4413 5
4414 5
4415 5
4416 5
4417 5
4418 5
4419 5
4420 5
4421 5
4422 5
4423 5
4424 5
4425 5
4426 5
4427 5
4428 5
4429 5
4430 5
4431 5
4432 5
4433 5
4434 5
4435 5
4436 5
4437 5
4438 5
4439 5
4440 5
4441 5
4442 5
4443 5
4444 5
4445 5
4446 5
4447 5
4448 5
4449 5
4450 5
4451 5
4452 5
4453 5
4454 5
4455 5
4456 5
4457 5
4458 5
4459 5
4460 5
4461 5
4462 5
4463 5
4464 5
4465 5
4466 5
4467 5
4468 5
4469 5
4470 5
4471 5
4472 5
4473 5
4474 5
4475 5
4476 5
4477 5
4478 5
4479 5
4480 5
4481 5
4482 5
4483 5
4484 5
4485 5
4486 5
4487 5
4488 5
4489 5
4490 5
4491 5
4492 5
4493 5
4494 5
4495 5
4496 5
4497 5
4498 5
4499 5
4500 5
4501 5
4502 5
4503 5
4504 5
4505 5
4506 5
4507 4
4508 4
4509 4
4510 4
4511 4
4512 4
4513 4
4514 4
4515 4
4516 4
4517 4
4518 4
4519 4
4520 4
4521 4
4522 4
4523 4
4524 4
4525 4
4526 4
4527 4
4528 4
4529 4
4530 4
4531 4
4532 4
4533 4
4534 4
4535 4
4536 4
4537 4
4538 4
4539 4
4540 4
4541 4
4542 4
4543 4
4544 4
4545 4
4546 4
4547 4
4548 4
4549 4
4550 4
4551 4
4552 4
4553 4
4554 4
4555 4
4556 4
4557 4
4558 4
4559 4
4560 4
4561 4
4562 4
4563 4
4564 4
4565 4
4566 4
4567 4
4568 4
4569 4
4570 4
4571 4
4572 4
4573 4
4574 4
4575 4
4576 4
4577 4
4578 4
4579 4
4580 4
4581 4
4582 4
4583 4
4584 4
4585 4
4586 4
4587 4
4588 4
4589 4
4590 4
4591 4
4592 4
4593 4
4594 4
4595 4
4596 4
4597 4
4598 4
4599 4
4600 4
4601 4
4602 4
4603 4
4604 4
4605 4
4606 4
4607 4
4608 4
4609 4
4610 4
4611 4
4612 4
4613 4
4614 4
4615 4
4616 4
4617 4
4618 4
4619 4
4620 4
4621 4
4622 4
4623 4
4624 4
4625 4
4626 4
4627 4
4628 4
4629 4
4630 4
4631 4
4632 4
4633 4
4634 4
4635 4
4636 4
4637 4
4638 4
4639 4
4640 4
4641 4
4642 4
4643 4
4644 4
4645 4
4646 4
4647 4
4648 4
4649 4
4650 4
4651 4
4652 4
4653 4
4654 4
4655 4
4656 4
4657 4
4658 4
4659 4
4660 4
4661 4
4662 4
4663 4
4664 4
4665 4
4666 4
4667 4
4668 4
4669 4
4670 4
4671 4
4672 4
4673 4
4674 4
4675 4
4676 4
4677 4
4678 4
4679 4
4680 4
4681 4
4682 4
4683 4
4684 4
4685 4
4686 4
4687 4
4688 4
4689 4
4690 4
4691 4
4692 4
4693 4
4694 4
4695 4
4696 4
4697 4
4698 4
4699 4
4700 4
4701 4
4702 4
4703 4
4704 4
4705 4
4706 4
4707 4
4708 4
4709 4
4710 4
4711 4
4712 4
4713 4
4714 4
4715 4
4716 4
4717 4
4718 4
4719 4
4720 4
4721 4
4722 4
4723 4
4724 4
4725 4
4726 4
4727 4
4728 4
4729 4
4730 4
4731 4
4732 4
4733 4
4734 4
4735 4
4736 4
4737 4
4738 4
4739 4
4740 4
4741 4
4742 4
4743 4
4744 4
4745 4
4746 4
4747 4
4748 4
4749 4
4750 4
4751 4
4752 4
4753 4
4754 4
4755 4
4756 4
4757 4
4758 4
4759 4
4760 4
4761 4
4762 4
4763 4
4764 4
4765 4
4766 4
4767 4
4768 4
4769 4
4770 4
4771 4
4772 4
4773 4
4774 4
4775 4
4776 4
4777 4
4778 4
4779 4
4780 4
4781 4
4782 4
4783 4
4784 4
4785 4
4786 4
4787 4
4788 4
4789 4
4790 4
4791 4
4792 4
4793 4
4794 4
4795 4
4796 4
4797 4
4798 4
4799 4
4800 4
4801 4
4802 4
4803 4
4804 4
4805 4
4806 4
4807 4
4808 4
4809 4
4810 4
4811 4
4812 4
4813 4
4814 4
4815 4
4816 4
4817 4
4818 4
4819 4
4820 4
4821 4
4822 4
4823 4
4824 4
4825 4
4826 4
4827 4
4828 4
4829 4
4830 4
4831 4
4832 4
4833 4
4834 4
4835 4
4836 4
4837 4
4838 4
4839 4
4840 4
4841 4
4842 4
4843 4
4844 4
4845 4
4846 4
4847 4
4848 4
4849 4
4850 4
4851 4
4852 4
4853 4
4854 4
4855 4
4856 4
4857 4
4858 4
4859 4
4860 4
4861 4
4862 4
4863 4
4864 4
4865 4
4866 4
4867 4
4868 4
4869 4
4870 4
4871 4
4872 4
4873 4
4874 4
4875 4
4876 4
4877 4
4878 4
4879 4
4880 4
4881 4
4882 4
4883 4
4884 4
4885 4
4886 4
4887 4
4888 4
4889 4
4890 4
4891 4
4892 4
4893 4
4894 4
4895 4
4896 4
4897 4
4898 4
4899 4
4900 4
4901 4
4902 4
4903 4
4904 4
4905 4
4906 4
4907 4
4908 4
4909 4
4910 4
4911 4
4912 4
4913 4
4914 4
4915 4
4916 4
4917 4
4918 4
4919 4
4920 4
4921 4
4922 4
4923 4
4924 4
4925 4
4926 4
4927 4
4928 4
4929 4
4930 4
4931 4
4932 4
4933 4
4934 4
4935 4
4936 4
4937 4
4938 4
4939 4
4940 4
4941 4
4942 4
4943 4
4944 4
4945 4
4946 4
4947 4
4948 4
4949 4
4950 4
4951 4
4952 4
4953 4
4954 4
4955 4
4956 4
4957 4
4958 4
4959 4
4960 4
4961 4
4962 4
4963 4
4964 4
4965 4
4966 4
4967 4
4968 4
4969 4
4970 4
4971 4
4972 4
4973 4
4974 4
4975 4
4976 4
4977 4
4978 4
4979 4
4980 4
4981 4
4982 4
4983 4
4984 4
4985 4
4986 4
4987 4
4988 4
4989 4
4990 4
4991 4
4992 4
4993 4
4994 4
4995 4
4996 4
4997 4
4998 4
4999 3
5000 3
5001 3
5002 3
5003 3
5004 3
5005 3
5006 3
5007 3
5008 3
5009 3
5010 3
5011 3
5012 3
5013 3
5014 3
5015 3
5016 3
5017 3
5018 3
5019 3
5020 3
5021 3
5022 3
5023 3
5024 3
5025 3
5026 3
5027 3
5028 3
5029 3
5030 3
5031 3
5032 3
5033 3
5034 3
5035 3
5036 3
5037 3
5038 3
5039 3
5040 3
5041 3
5042 3
5043 3
5044 3
5045 3
5046 3
5047 3
5048 3
5049 3
5050 3
5051 3
5052 3
5053 3
5054 3
5055 3
5056 3
5057 3
5058 3
5059 3
5060 3
5061 3
5062 3
5063 3
5064 3
5065 3
5066 3
5067 3
5068 3
5069 3
5070 3
5071 3
5072 3
5073 3
5074 3
5075 3
5076 3
5077 3
5078 3
5079 3
5080 3
5081 3
5082 3
5083 3
5084 3
5085 3
5086 3
5087 3
5088 3
5089 3
5090 3
5091 3
5092 3
5093 3
5094 3
5095 3
5096 3
5097 3
5098 3
5099 3
5100 3
5101 3
5102 3
5103 3
5104 3
5105 3
5106 3
5107 3
5108 3
5109 3
5110 3
5111 3
5112 3
5113 3
5114 3
5115 3
5116 3
5117 3
5118 3
5119 3
5120 3
5121 3
5122 3
5123 3
5124 3
5125 3
5126 3
5127 3
5128 3
5129 3
5130 3
5131 3
5132 3
5133 3
5134 3
5135 3
5136 3
5137 3
5138 3
5139 3
5140 3
5141 3
5142 3
5143 3
5144 3
5145 3
5146 3
5147 3
5148 3
5149 3
5150 3
5151 3
5152 3
5153 3
5154 3
5155 3
5156 3
5157 3
5158 3
5159 3
5160 3
5161 3
5162 3
5163 3
5164 3
5165 3
5166 3
5167 3
5168 3
5169 3
5170 3
5171 3
5172 3
5173 3
5174 3
5175 3
5176 3
5177 3
5178 3
5179 3
5180 3
5181 3
5182 3
5183 3
5184 3
5185 3
5186 3
5187 3
5188 3
5189 3
5190 3
5191 3
5192 3
5193 3
5194 3
5195 3
5196 3
5197 3
5198 3
5199 3
5200 3
5201 3
5202 3
5203 3
5204 3
5205 3
5206 3
5207 3
5208 3
5209 3
5210 3
5211 3
5212 3
5213 3
5214 3
5215 3
5216 3
5217 3
5218 3
5219 3
5220 3
5221 3
5222 3
5223 3
5224 3
5225 3
5226 3
5227 3
5228 3
5229 3
5230 3
5231 3
5232 3
5233 3
5234 3
5235 3
5236 3
5237 3
5238 3
5239 3
5240 3
5241 3
5242 3
5243 3
5244 3
5245 3
5246 3
5247 3
5248 3
5249 3
5250 3
5251 3
5252 3
5253 3
5254 3
5255 3
5256 3
5257 3
5258 3
5259 3
5260 3
5261 3
5262 3
5263 3
5264 3
5265 3
5266 3
5267 3
5268 3
5269 3
5270 3
5271 3
5272 3
5273 3
5274 3
5275 3
5276 3
5277 3
5278 3
5279 3
5280 3
5281 3
5282 3
5283 3
5284 3
5285 3
5286 3
5287 3
5288 3
5289 3
5290 3
5291 3
5292 3
5293 3
5294 3
5295 3
5296 3
5297 3
5298 3
5299 3
5300 3
5301 3
5302 3
5303 3
5304 3
5305 3
5306 3
5307 3
5308 3
5309 3
5310 3
5311 3
5312 3
5313 3
5314 3
5315 3
5316 3
5317 3
5318 3
5319 3
5320 3
5321 3
5322 3
5323 3
5324 3
5325 3
5326 3
5327 3
5328 3
5329 3
5330 3
5331 3
5332 3
5333 3
5334 3
5335 3
5336 3
5337 3
5338 3
5339 3
5340 3
5341 3
5342 3
5343 3
5344 3
5345 3
5346 3
5347 3
5348 3
5349 3
5350 3
5351 3
5352 3
5353 3
5354 3
5355 3
5356 3
5357 3
5358 3
5359 3
5360 3
5361 3
5362 3
5363 3
5364 3
5365 3
5366 3
5367 3
5368 3
5369 3
5370 3
5371 3
5372 3
5373 3
5374 3
5375 3
5376 3
5377 3
5378 3
5379 3
5380 3
5381 3
5382 3
5383 3
5384 3
5385 3
5386 3
5387 3
5388 3
5389 3
5390 3
5391 3
5392 3
5393 3
5394 3
5395 3
5396 3
5397 3
5398 3
5399 3
5400 3
5401 3
5402 3
5403 3
5404 3
5405 3
5406 3
5407 3
5408 3
5409 3
5410 3
5411 3
5412 3
5413 3
5414 3
5415 3
5416 3
5417 3
5418 3
5419 3
5420 3
5421 3
5422 3
5423 3
5424 3
5425 3
5426 3
5427 3
5428 3
5429 3
5430 3
5431 3
5432 3
5433 3
5434 3
5435 3
5436 3
5437 3
5438 3
5439 3
5440 3
5441 3
5442 3
5443 3
5444 3
5445 3
5446 3
5447 3
5448 3
5449 3
5450 3
5451 3
5452 3
5453 3
5454 3
5455 3
5456 3
5457 3
5458 3
5459 3
5460 3
5461 3
5462 3
5463 3
5464 3
5465 3
5466 3
5467 3
5468 3
5469 3
5470 3
5471 3
5472 3
5473 3
5474 3
5475 3
5476 3
5477 3
5478 3
5479 3
5480 3
5481 3
5482 3
5483 3
5484 3
5485 3
5486 3
5487 3
5488 3
5489 3
5490 3
5491 3
5492 3
5493 3
5494 3
5495 3
5496 3
5497 3
5498 3
5499 3
5500 3
5501 3
5502 3
5503 3
5504 3
5505 3
5506 3
5507 3
5508 3
5509 3
5510 3
5511 3
5512 3
5513 3
5514 3
5515 3
5516 3
5517 3
5518 3
5519 3
5520 3
5521 3
5522 3
5523 3
5524 3
5525 3
5526 3
5527 3
5528 3
5529 3
5530 3
5531 3
5532 3
5533 3
5534 3
5535 3
5536 2
5537 2
5538 2
5539 2
5540 2
5541 2
5542 2
5543 2
5544 2
5545 2
5546 2
5547 2
5548 2
5549 2
5550 2
5551 2
5552 2
5553 2
5554 2
5555 2
5556 2
5557 2
5558 2
5559 2
5560 2
5561 2
5562 2
5563 2
5564 2
5565 2
5566 2
5567 2
5568 2
5569 2
5570 2
5571 2
5572 2
5573 2
5574 2
5575 2
5576 2
5577 2
5578 2
5579 2
5580 2
5581 2
5582 2
5583 2
5584 2
5585 2
5586 2
5587 2
5588 2
5589 2
5590 2
5591 2
5592 2
5593 2
5594 2
5595 2
5596 2
5597 2
5598 2
5599 2
5600 2
5601 2
5602 2
5603 2
5604 2
5605 2
5606 2
5607 2
5608 2
5609 2
5610 2
5611 2
5612 2
5613 2
5614 2
5615 2
5616 2
5617 2
5618 2
5619 2
5620 2
5621 2
5622 2
5623 2
5624 2
5625 2
5626 2
5627 2
5628 2
5629 2
5630 2
5631 2
5632 2
5633 2
5634 2
5635 2
5636 2
5637 2
5638 2
5639 2
5640 2
5641 2
5642 2
5643 2
5644 2
5645 2
5646 2
5647 2
5648 2
5649 2
5650 2
5651 2
5652 2
5653 2
5654 2
5655 2
5656 2
5657 2
5658 2
5659 2
5660 2
5661 2
5662 2
5663 2
5664 2
5665 2
5666 2
5667 2
5668 2
5669 2
5670 2
5671 2
5672 2
5673 2
5674 2
5675 2
5676 2
5677 2
5678 2
5679 2
5680 2
5681 2
5682 2
5683 2
5684 2
5685 2
5686 2
5687 2
5688 2
5689 2
5690 2
5691 2
5692 2
5693 2
5694 2
5695 2
5696 2
5697 2
5698 2
5699 2
5700 2
5701 2
5702 2
5703 2
5704 2
5705 2
5706 2
5707 2
5708 2
5709 2
5710 2
5711 2
5712 2
5713 2
5714 2
5715 2
5716 2
5717 2
5718 2
5719 2
5720 2
5721 2
5722 2
5723 2
5724 2
5725 2
5726 2
5727 2
5728 2
5729 2
5730 2
5731 2
5732 2
5733 2
5734 2
5735 2
5736 2
5737 2
5738 2
5739 2
5740 2
5741 2
5742 2
5743 2
5744 2
5745 2
5746 2
5747 2
5748 2
5749 2
5750 2
5751 2
5752 2
5753 2
5754 2
5755 2
5756 2
5757 2
5758 2
5759 2
5760 2
5761 2
5762 2
5763 2
5764 2
5765 2
5766 2
5767 2
5768 2
5769 2
5770 2
5771 2
5772 2
5773 2
5774 2
5775 2
5776 2
5777 2
5778 2
5779 2
5780 2
5781 2
5782 2
5783 2
5784 2
5785 2
5786 2
5787 2
5788 2
5789 2
5790 2
5791 2
5792 2
5793 2
5794 2
5795 2
5796 2
5797 2
5798 2
5799 2
5800 2
5801 2
5802 2
5803 2
5804 2
5805 2
5806 2
5807 2
5808 2
5809 2
5810 2
5811 2
5812 2
5813 2
5814 2
5815 2
5816 2
5817 2
5818 2
5819 2
5820 2
5821 2
5822 2
5823 2
5824 2
5825 2
5826 2
5827 2
5828 2
5829 2
5830 2
5831 2
5832 2
5833 2
5834 2
5835 2
5836 2
5837 2
5838 2
5839 2
5840 2
5841 2
5842 2
5843 2
5844 2
5845 2
5846 2
5847 2
5848 2
5849 2
5850 2
5851 2
5852 2
5853 2
5854 2
5855 2
5856 2
5857 2
5858 2
5859 2
5860 2
5861 2
5862 2
5863 2
5864 2
5865 2
5866 2
5867 2
5868 2
5869 2
5870 2
5871 2
5872 2
5873 2
5874 2
5875 2
5876 2
5877 2
5878 2
5879 2
5880 2
5881 2
5882 2
5883 2
5884 2
5885 2
5886 2
5887 2
5888 2
5889 2
5890 2
5891 2
5892 2
5893 2
5894 2
5895 2
5896 2
5897 2
5898 2
5899 2
5900 2
5901 2
5902 2
5903 2
5904 2
5905 2
5906 2
5907 2
5908 2
5909 2
5910 2
5911 2
5912 2
5913 2
5914 2
5915 2
5916 2
5917 2
5918 2
5919 2
5920 2
5921 2
5922 2
5923 2
5924 2
5925 2
5926 2
5927 2
5928 2
5929 2
5930 2
5931 2
5932 2
5933 2
5934 2
5935 2
5936 2
5937 2
5938 2
5939 2
5940 2
5941 2
5942 2
5943 2
5944 2
5945 2
5946 2
5947 2
5948 2
5949 2
5950 2
5951 2
5952 2
5953 2
5954 2
5955 2
5956 2
5957 2
5958 2
5959 2
5960 2
5961 2
5962 2
5963 2
5964 2
5965 2
5966 2
5967 2
5968 2
5969 2
5970 2
5971 2
5972 2
5973 2
5974 2
5975 2
5976 2
5977 2
5978 2
5979 2
5980 2
5981 2
5982 2
5983 2
5984 2
5985 2
5986 2
5987 2
5988 2
5989 2
5990 2
5991 2
5992 2
5993 2
5994 2
5995 2
5996 2
5997 2
5998 2
5999 2
6000 2
6001 2
6002 2
6003 2
6004 2
6005 2
6006 2
6007 2
6008 2
6009 2
6010 2
6011 2
6012 2
6013 2
6014 2
6015 2
6016 2
6017 2
6018 2
6019 2
6020 2
6021 2
6022 2
6023 2
6024 2
6025 2
6026 2
6027 2
6028 2
6029 2
6030 2
6031 2
6032 2
6033 2
6034 2
6035 2
6036 2
6037 2
6038 2
6039 2
6040 2
6041 2
6042 2
6043 2
6044 2
6045 2
6046 2
6047 2
6048 2
6049 2
6050 2
6051 2
6052 2
6053 2
6054 2
6055 2
6056 2
6057 2
6058 2
6059 2
6060 2
6061 2
6062 2
6063 2
6064 2
6065 2
6066 2
6067 2
6068 2
6069 2
6070 2
6071 2
6072 2
6073 2
6074 2
6075 2
6076 2
6077 2
6078 2
6079 2
6080 2
6081 2
6082 2
6083 2
6084 2
6085 2
6086 2
6087 2
6088 2
6089 2
6090 2
6091 2
6092 2
6093 2
6094 2
6095 2
6096 2
6097 2
6098 2
6099 2
6100 2
6101 2
6102 2
6103 2
6104 2
6105 2
6106 2
6107 2
6108 2
6109 2
6110 2
6111 2
6112 2
6113 2
6114 2
6115 2
6116 2
6117 2
6118 2
6119 2
6120 2
6121 2
6122 2
6123 2
6124 2
6125 2
6126 2
6127 2
6128 2
6129 2
6130 2
6131 2
6132 2
6133 2
6134 2
6135 2
6136 2
6137 2
6138 2
6139 2
6140 2
6141 2
6142 2
6143 2
6144 2
6145 2
6146 2
6147 2
6148 2
6149 2
6150 2
6151 2
6152 2
6153 2
6154 2
6155 2
6156 2
6157 2
6158 2
6159 2
6160 2
6161 2
6162 2
6163 2
6164 2
6165 2
6166 2
6167 2
6168 2
6169 2
6170 2
6171 2
6172 2
6173 2
6174 2
6175 2
6176 2
6177 2
6178 1
6179 1
6180 1
6181 1
6182 1
6183 1
6184 1
6185 1
6186 1
6187 1
6188 1
6189 1
6190 1
6191 1
6192 1
6193 1
6194 1
6195 1
6196 1
6197 1
6198 1
6199 1
6200 1
6201 1
6202 1
6203 1
6204 1
6205 1
6206 1
6207 1
6208 1
6209 1
6210 1
6211 1
6212 1
6213 1
6214 1
6215 1
6216 1
6217 1
6218 1
6219 1
6220 1
6221 1
6222 1
6223 1
6224 1
6225 1
6226 1
6227 1
6228 1
6229 1
6230 1
6231 1
6232 1
6233 1
6234 1
6235 1
6236 1
6237 1
6238 1
6239 1
6240 1
6241 1
6242 1
6243 1
6244 1
6245 1
6246 1
6247 1
6248 1
6249 1
6250 1
6251 1
6252 1
6253 1
6254 1
6255 1
6256 1
6257 1
6258 1
6259 1
6260 1
6261 1
6262 1
6263 1
6264 1
6265 1
6266 1
6267 1
6268 1
6269 1
6270 1
6271 1
6272 1
6273 1
6274 1
6275 1
6276 1
6277 1
6278 1
6279 1
6280 1
6281 1
6282 1
6283 1
6284 1
6285 1
6286 1
6287 1
6288 1
6289 1
6290 1
6291 1
6292 1
6293 1
6294 1
6295 1
6296 1
6297 1
6298 1
6299 1
6300 1
6301 1
6302 1
6303 1
6304 1
6305 1
6306 1
6307 1
6308 1
6309 1
6310 1
6311 1
6312 1
6313 1
6314 1
6315 1
6316 1
6317 1
6318 1
6319 1
6320 1
6321 1
6322 1
6323 1
6324 1
6325 1
6326 1
6327 1
6328 1
6329 1
6330 1
6331 1
6332 1
6333 1
6334 1
6335 1
6336 1
6337 1
6338 1
6339 1
6340 1
6341 1
6342 1
6343 1
6344 1
6345 1
6346 1
6347 1
6348 1
6349 1
6350 1
6351 1
6352 1
6353 1
6354 1
6355 1
6356 1
6357 1
6358 1
6359 1
6360 1
6361 1
6362 1
6363 1
6364 1
6365 1
6366 1
6367 1
6368 1
6369 1
6370 1
6371 1
6372 1
6373 1
6374 1
6375 1
6376 1
6377 1
6378 1
6379 1
6380 1
6381 1
6382 1
6383 1
6384 1
6385 1
6386 1
6387 1
6388 1
6389 1
6390 1
6391 1
6392 1
6393 1
6394 1
6395 1
6396 1
6397 1
6398 1
6399 1
6400 1
6401 1
6402 1
6403 1
6404 1
6405 1
6406 1
6407 1
6408 1
6409 1
6410 1
6411 1
6412 1
6413 1
6414 1
6415 1
6416 1
6417 1
6418 1
6419 1
6420 1
6421 1
6422 1
6423 1
6424 1
6425 1
6426 1
6427 1
6428 1
6429 1
6430 1
6431 1
6432 1
6433 1
6434 1
6435 1
6436 1
6437 1
6438 1
6439 1
6440 1
6441 1
6442 1
6443 1
6444 1
6445 1
6446 1
6447 1
6448 1
6449 1
6450 1
6451 1
6452 1
6453 1
6454 1
6455 1
6456 1
6457 1
6458 1
6459 1
6460 1
6461 1
6462 1
6463 1
6464 1
6465 1
6466 1
6467 1
6468 1
6469 1
6470 1
6471 1
6472 1
6473 1
6474 1
6475 1
6476 1
6477 1
6478 1
6479 1
6480 1
6481 1
6482 1
6483 1
6484 1
6485 1
6486 1
6487 1
6488 1
6489 1
6490 1
6491 1
6492 1
6493 1
6494 1
6495 1
6496 1
6497 1
6498 1
6499 1
6500 1
6501 1
6502 1
6503 1
6504 1
6505 1
6506 1
6507 1
6508 1
6509 1
6510 1
6511 1
6512 1
6513 1
6514 1
6515 1
6516 1
6517 1
6518 1
6519 1
6520 1
6521 1
6522 1
6523 1
6524 1
6525 1
6526 1
6527 1
6528 1
6529 1
6530 1
6531 1
6532 1
6533 1
6534 1
6535 1
6536 1
6537 1
6538 1
6539 1
6540 1
6541 1
6542 1
6543 1
6544 1
6545 1
6546 1
6547 1
6548 1
6549 1
6550 1
6551 1
6552 1
6553 1
6554 1
6555 1
6556 1
6557 1
6558 1
6559 1
6560 1
6561 1
6562 1
6563 1
6564 1
6565 1
6566 1
6567 1
6568 1
6569 1
6570 1
6571 1
6572 1
6573 1
6574 1
6575 1
6576 1
6577 1
6578 1
6579 1
6580 1
6581 1
6582 1
6583 1
6584 1
6585 1
6586 1
6587 1
6588 1
6589 1
6590 1
6591 1
6592 1
6593 1
6594 1
6595 1
6596 1
6597 1
6598 1
6599 1
6600 1
6601 1
6602 1
6603 1
6604 1
6605 1
6606 1
6607 1
6608 1
6609 1
6610 1
6611 1
6612 1
6613 1
6614 1
6615 1
6616 1
6617 1
6618 1
6619 1
6620 1
6621 1
6622 1
6623 1
6624 1
6625 1
6626 1
6627 1
6628 1
6629 1
6630 1
6631 1
6632 1
6633 1
6634 1
6635 1
6636 1
6637 1
6638 1
6639 1
6640 1
6641 1
6642 1
6643 1
6644 1
6645 1
6646 1
6647 1
6648 1
6649 1
6650 1
6651 1
6652 1
6653 1
6654 1
6655 1
6656 1
6657 1
6658 1
6659 1
6660 1
6661 1
6662 1
6663 1
6664 1
6665 1
6666 1
6667 1
6668 1
6669 1
6670 1
6671 1
6672 1
6673 1
6674 1
6675 1
6676 1
6677 1
6678 1
6679 1
6680 1
6681 1
6682 1
6683 1
6684 1
6685 1
6686 1
6687 1
6688 1
6689 1
6690 1
6691 1
6692 1
6693 1
6694 1
6695 1
6696 1
6697 1
6698 1
6699 1
6700 1
6701 1
6702 1
6703 1
6704 1
6705 1
6706 1
6707 1
6708 1
6709 1
6710 1
6711 1
6712 1
6713 1
6714 1
6715 1
6716 1
6717 1
6718 1
6719 1
6720 1
6721 1
6722 1
6723 1
6724 1
6725 1
6726 1
6727 1
6728 1
6729 1
6730 1
6731 1
6732 1
6733 1
6734 1
6735 1
6736 1
6737 1
6738 1
6739 1
6740 1
6741 1
6742 1
6743 1
6744 1
6745 1
6746 1
6747 1
6748 1
6749 1
6750 1
6751 1
6752 1
6753 1
6754 1
6755 1
6756 1
6757 1
6758 1
6759 1
6760 1
6761 1
6762 1
6763 1
6764 1
6765 1
6766 1
6767 1
6768 1
6769 1
6770 1
6771 1
6772 1
6773 1
6774 1
6775 1
6776 1
6777 1
6778 1
6779 1
6780 1
6781 1
6782 1
6783 1
6784 1
6785 1
6786 1
6787 1
6788 1
6789 1
6790 1
6791 1
6792 1
6793 1
6794 1
6795 1
6796 1
6797 1
6798 1
6799 1
6800 1
6801 1
6802 1
6803 1
6804 1
6805 1
6806 1
6807 1
6808 1
6809 1
6810 1
6811 1
6812 1
6813 1
6814 1
6815 1
6816 1
6817 1
6818 1
6819 1
6820 1
6821 1
6822 1
6823 1
6824 1
6825 1
6826 1
6827 1
6828 1
6829 1
6830 1
6831 1
6832 1
6833 1
6834 1
6835 1
6836 1
6837 1
6838 1
6839 1
6840 1
6841 1
6842 1
6843 1
6844 1
6845 1
6846 1
6847 1
6848 1
6849 1
6850 1
6851 1
6852 1
6853 1
6854 1
6855 1
6856 1
6857 1
6858 1
6859 1
6860 1
6861 1
6862 1
6863 1
6864 1
6865 1
6866 1
6867 1
6868 1
6869 1
6870 1
6871 1
6872 1
6873 1
6874 1
6875 1
6876 1
6877 1
6878 1
6879 1
6880 1
6881 1
6882 1
6883 1
6884 1
6885 1
6886 1
6887 1
6888 1
6889 1
6890 1
6891 1
6892 1
6893 1
6894 1
6895 1
6896 1
6897 1
6898 1
6899 1
6900 1
6901 1
6902 1
6903 1
6904 1
6905 1
6906 1
6907 1
6908 1
6909 1
6910 1
6911 1
6912 1
6913 1
6914 1
6915 1
6916 1
6917 1
6918 1
6919 1
6920 1
6921 1
6922 1
6923 1
6924 1
6925 1
6926 1
6927 1
6928 1
6929 1
6930 1
6931 1
6932 1
6933 1
6934 1
6935 1
6936 1
6937 1
6938 1
6939 1
6940 1
6941 1
6942 1
6943 1
6944 1
6945 1
6946 1
6947 1
6948 1
6949 1
6950 1
6951 1
6952 1
6953 1
6954 1
6955 1
6956 1
6957 1
6958 1
6959 1
6960 1
6961 1
6962 1
6963 1
6964 1
6965 1
6966 1
6967 1
6968 1
6969 1
6970 1
6971 1
6972 1
6973 1
6974 1
6975 1
6976 1
6977 1
6978 1
6979 1
6980 1
6981 1
6982 1
6983 1
6984 1
6985 1
6986 1
6987 1
6988 1
6989 1
6990 1
6991 1
6992 1
6993 1
6994 1
6995 1
6996 1
6997 1
6998 1
6999 1
7000 1
7001 1
7002 1
7003 1
7004 1
7005 1
7006 1
7007 1
7008 1
7009 1
7010 1
7011 1
7012 1
7013 1
7014 1
7015 1
7016 1
7017 1
7018 1
7019 1
7020 1
7021 1
7022 1
7023 1
7024 1
7025 1
7026 1
7027 1
7028 1
7029 1
7030 1
7031 1
7032 1
7033 1
7034 1
7035 1
7036 1
7037 1
7038 1
7039 1
7040 1
7041 1
7042 1
7043 1
7044 1
7045 1
7046 1
7047 1
7048 1
7049 1
7050 1
7051 1
7052 1
7053 1
7054 1
7055 1
7056 1
7057 1
7058 1
7059 1
7060 1
7061 1
7062 1
7063 1
7064 1
7065 1
7066 1
7067 1
7068 1
7069 1
7070 1
7071 1
7072 1
7073 1
7074 1
7075 1
7076 1
7077 1
7078 1
7079 1
7080 1
7081 1
7082 1
7083 1
7084 1
7085 1
7086 1
7087 1
7088 1
7089 1
7090 1
7091 1
7092 1
7093 1
7094 1
7095 1
7096 1
7097 1
7098 1
7099 1
7100 1
7101 1
7102 1
7103 1
7104 1
7105 1
7106 1
7107 1
7108 1
7109 1
7110 1
7111 1
7112 1
7113 1
7114 1
7115 1
7116 1
7117 1
7118 1
7119 1
7120 1
7121 1
7122 1
7123 1
7124 1
7125 1
7126 1
7127 1
7128 1
7129 1
7130 1
7131 1
7132 1
7133 1
7134 1
7135 1
7136 1
7137 1
7138 1
7139 1
7140 1
7141 1
7142 1
7143 1
7144 1
7145 1
7146 1
7147 1
7148 1
7149 1
7150 1
7151 1
7152 1
7153 1
7154 1
7155 1
7156 1
7157 1
7158 1
7159 1
7160 1
7161 1
7162 1
7163 1
7164 1
7165 1
7166 1
7167 1
7168 1
7169 1
7170 1
7171 1
7172 1
7173 1
7174 1
7175 1
7176 1
7177 1
7178 1
7179 1
7180 1
7181 1
7182 1
7183 1
7184 1
7185 1
7186 1
7187 1
7188 1
7189 1
