0 9 
1 32 
2 51 
3 18 
4 72 
5 18 
6 46 
7 13 
8 44 
9 77 
10 18 
11 10 
12 12 
13 18 
14 18 
15 17 
16 58 
17 33 
18 118 
19 21 
20 18 
21 33 
22 6 
23 41 
24 9 
25 36 
26 114 
27 10 
28 2 
29 6 
30 18 
31 20 
32 52 
33 47 
34 9 
35 7 
36 228 
37 6 
38 7 
39 10 
40 33 
41 75 
42 13 
43 18 
44 45 
45 6 
46 7 
47 98 
48 25 
49 38 
50 17 
51 35 
52 10 
53 38 
54 10 
55 174 
56 20 
57 8 
58 45 
59 101 
60 33 
61 18 
62 25 
63 20 
64 92 
65 18 
66 90 
67 61 
68 45 
69 18 
70 45 
71 41 
72 106 
73 70 
74 99 
75 6 
76 125 
77 9 
78 20 
79 44 
80 46 
81 13 
82 60 
83 42 
84 313 
85 42 
86 20 
87 2 
88 18 
89 18 
90 101 
91 90 
92 12 
93 41 
94 59 
95 75 
96 101 
97 203 
98 49 
99 106 
100 61 
101 10 
102 112 
103 38 
104 101 
105 60 
106 53 
107 352 
108 7 
109 17 
110 30 
111 55 
112 86 
113 43 
114 40 
115 33 
116 18 
117 3 
118 93 
119 6 
120 21 
121 3 
122 41 
123 9 
124 44 
125 10 
126 2 
127 71 
128 91 
129 48 
130 2 
131 6 
132 37 
133 26 
134 29 
135 15 
136 66 
137 90 
138 147 
139 40 
140 58 
141 18 
142 17 
143 20 
144 10 
145 179 
146 15 
147 18 
148 82 
149 2 
150 10 
151 18 
152 31 
153 89 
154 59 
155 49 
156 20 
157 18 
158 34 
159 60 
160 10 
161 75 
162 98 
163 14 
164 131 
165 18 
166 20 
167 44 
168 9 
169 6 
170 48 
171 15 
172 30 
173 41 
174 47 
175 58 
176 7 
177 89 
178 87 
179 20 
180 35 
181 51 
182 47 
183 28 
184 8 
185 20 
186 11 
187 18 
188 96 
189 13 
190 59 
191 214 
192 41 
193 9 
194 15 
195 15 
196 9 
197 24 
198 48 
199 75 
200 6 
201 41 
202 40 
203 18 
204 13 
205 20 
206 70 
207 106 
208 101 
209 44 
210 87 
211 41 
212 18 
213 54 
214 140 
215 75 
216 10 
217 98 
218 9 
219 90 
220 26 
221 34 
222 20 
223 54 
224 41 
225 18 
226 46 
227 45 
228 42 
229 45 
230 71 
231 4 
232 33 
233 18 
234 122 
235 135 
236 428 
237 2 
238 42 
239 133 
240 41 
241 64 
242 102 
243 43 
244 18 
245 20 
246 85 
247 25 
248 13 
249 60 
250 18 
251 6 
252 15 
253 18 
254 4 
255 75 
256 3 
257 20 
258 57 
259 18 
260 59 
261 111 
262 18 
263 20 
264 6 
265 43 
266 12 
267 80 
268 141 
269 50 
270 2 
271 18 
272 128 
273 20 
274 20 
275 41 
276 4 
277 20 
278 31 
279 5 
280 32 
281 53 
282 6 
283 73 
284 44 
285 17 
286 13 
287 25 
288 95 
289 109 
290 111 
291 4 
292 13 
293 102 
294 29 
295 41 
296 18 
297 10 
298 105 
299 11 
300 39 
301 58 
302 18 
303 6 
304 25 
305 20 
306 101 
307 15 
308 44 
309 75 
310 45 
311 44 
312 18 
313 58 
314 9 
315 7 
316 151 
317 47 
318 58 
319 20 
320 9 
321 36 
322 18 
323 1 
324 88 
325 40 
326 12 
327 26 
328 58 
329 45 
330 12 
331 18 
332 2 
333 4 
334 60 
335 178 
336 18 
337 64 
338 20 
339 18 
340 6 
341 61 
342 52 
343 111 
344 87 
345 12 
346 153 
347 49 
348 82 
349 61 
350 42 
351 33 
352 44 
353 91 
354 58 
355 20 
356 56 
357 18 
358 93 
359 18 
360 119 
361 48 
362 71 
363 5 
364 49 
365 10 
366 87 
367 20 
368 118 
369 39 
370 6 
371 111 
372 41 
373 119 
374 38 
375 37 
376 18 
377 19 
378 2 
379 45 
380 93 
381 141 
382 28 
383 47 
384 39 
385 115 
386 29 
387 97 
388 18 
389 7 
390 20 
391 15 
392 10 
393 89 
394 18 
395 60 
396 52 
397 127 
398 44 
399 8 
400 125 
401 9 
402 18 
403 35 
404 4 
405 125 
406 9 
407 272 
408 10 
409 78 
410 20 
411 141 
412 18 
413 130 
414 98 
415 73 
416 18 
417 60 
418 27 
419 64 
420 90 
421 52 
422 59 
423 85 
424 9 
425 23 
426 29 
427 10 
428 18 
429 60 
430 40 
431 174 
432 129 
433 45 
434 29 
435 93 
436 39 
437 58 
438 17 
439 128 
440 18 
441 20 
442 90 
443 39 
444 6 
445 8 
446 4 
447 20 
448 135 
449 20 
450 3 
451 58 
452 122 
453 51 
454 8 
455 4 
456 12 
457 1 
458 56 
459 61 
460 29 
461 24 
462 18 
463 16 
464 20 
465 165 
466 101 
467 16 
468 25 
469 18 
470 56 
471 48 
472 13 
473 18 
474 17 
475 10 
476 37 
477 18 
478 99 
479 55 
480 18 
481 35 
482 36 
483 25 
484 89 
485 9 
486 6 
487 61 
488 6 
489 39 
490 16 
491 18 
492 8 
493 94 
494 50 
495 15 
496 20 
497 81 
498 33 
499 71 
500 9 
501 21 
502 14 
503 42 
504 12 
505 4 
506 24 
507 20 
508 5 
509 5 
510 83 
511 2 
512 17 
513 18 
514 20 
515 12 
516 3 
517 55 
518 125 
519 58 
520 6 
521 9 
522 191 
523 23 
524 51 
525 22 
526 80 
527 25 
528 272 
529 82 
530 18 
531 5 
532 70 
533 16 
534 82 
535 6 
536 3 
537 46 
538 20 
539 16 
540 66 
541 18 
542 47 
543 58 
544 125 
545 173 
546 45 
547 6 
548 5 
549 78 
550 64 
551 7 
552 76 
553 98 
554 49 
555 9 
556 10 
557 53 
558 14 
559 49 
560 41 
561 18 
562 43 
563 82 
564 98 
565 10 
566 20 
567 18 
568 56 
569 41 
570 12 
571 68 
572 11 
573 12 
574 8 
575 226 
576 4 
577 51 
578 20 
579 91 
580 18 
581 18 
582 22 
583 33 
584 44 
585 170 
586 33 
587 14 
588 121 
589 21 
590 62 
591 20 
592 34 
593 19 
594 13 
595 9 
596 10 
597 20 
598 18 
599 6 
600 18 
601 39 
602 9 
603 16 
604 2 
605 59 
606 29 
607 44 
608 7 
609 147 
610 74 
611 2 
612 20 
613 2 
614 93 
615 40 
616 10 
617 22 
618 8 
619 41 
620 20 
621 14 
622 18 
623 124 
624 44 
625 173 
626 58 
627 4 
628 17 
629 43 
630 6 
631 14 
632 10 
633 73 
634 18 
635 20 
636 60 
637 206 
638 18 
639 47 
640 276 
641 41 
642 39 
643 65 
644 89 
645 194 
646 18 
647 61 
648 18 
649 41 
650 151 
651 18 
652 35 
653 16 
654 6 
655 15 
656 59 
657 13 
658 6 
659 13 
660 20 
661 25 
662 4 
663 58 
664 2 
665 102 
666 18 
667 21 
668 38 
669 33 
670 41 
671 44 
672 203 
673 18 
674 19 
675 112 
676 14 
677 1 
678 33 
679 172 
680 47 
681 23 
682 20 
683 249 
684 12 
685 216 
686 43 
687 57 
688 35 
689 58 
690 37 
691 25 
692 46 
693 45 
694 4 
695 18 
696 42 
697 33 
698 20 
699 60 
700 98 
701 28 
702 5 
703 250 
704 93 
705 4 
706 234 
707 116 
708 6 
709 70 
710 6 
711 46 
712 41 
713 28 
714 20 
715 73 
716 89 
717 10 
718 18 
719 18 
720 2 
721 178 
722 98 
723 12 
724 20 
725 109 
726 4 
727 60 
728 118 
729 118 
730 38 
731 88 
732 18 
733 58 
734 7 
735 33 
736 58 
737 32 
738 64 
739 8 
740 35 
741 97 
742 33 
743 75 
744 56 
745 6 
746 18 
747 354 
748 46 
749 248 
750 33 
751 1 
752 70 
753 2 
754 9 
755 20 
756 25 
757 9 
758 41 
759 39 
760 16 
761 49 
762 52 
763 81 
764 18 
765 81 
766 18 
767 18 
768 75 
769 46 
770 10 
771 9 
772 23 
773 354 
774 20 
775 73 
776 97 
777 4 
778 8 
779 14 
780 41 
781 172 
782 9 
783 58 
784 45 
785 50 
786 20 
787 17 
788 38 
789 48 
790 20 
791 230 
792 119 
793 7 
794 5 
795 43 
796 8 
797 118 
798 60 
799 46 
800 18 
801 54 
802 45 
803 25 
804 45 
805 18 
806 8 
807 19 
808 41 
809 187 
810 48 
811 20 
812 47 
813 87 
814 10 
815 10 
816 20 
817 45 
818 121 
819 52 
820 15 
821 18 
822 18 
823 118 
824 4 
825 64 
826 66 
827 57 
828 9 
829 1 
830 39 
831 20 
832 18 
833 16 
834 6 
835 18 
836 9 
837 80 
838 1 
839 4 
840 9 
841 18 
842 119 
843 40 
844 70 
845 71 
846 28 
847 190 
848 115 
849 18 
850 58 
851 36 
852 28 
853 89 
854 5 
855 134 
856 65 
857 16 
858 33 
859 21 
860 73 
861 20 
862 44 
863 20 
864 73 
865 29 
866 210 
867 11 
868 13 
869 20 
870 58 
871 20 
872 61 
873 43 
874 44 
875 176 
876 23 
877 4 
878 170 
879 18 
880 24 
881 4 
882 15 
883 45 
884 175 
885 6 
886 20 
887 272 
888 46 
889 9 
890 114 
891 6 
892 4 
893 55 
894 190 
895 103 
896 18 
897 2 
898 60 
899 9 
900 256 
901 32 
902 89 
903 53 
904 133 
905 52 
906 14 
907 14 
908 82 
909 18 
910 44 
911 52 
912 14 
913 80 
914 20 
915 69 
916 39 
917 49 
918 73 
919 520 
920 5 
921 51 
922 44 
923 18 
924 18 
925 33 
926 25 
927 9 
928 8 
929 2 
930 179 
931 5 
932 4 
933 125 
934 11 
935 94 
936 22 
937 62 
938 18 
939 18 
940 20 
941 20 
942 111 
943 18 
944 63 
945 28 
946 49 
947 18 
948 62 
949 6 
950 59 
951 9 
952 172 
953 2 
954 9 
955 18 
956 7 
957 6 
958 5 
959 179 
960 18 
961 57 
962 2 
963 9 
964 29 
965 27 
966 10 
967 115 
968 111 
969 107 
970 58 
971 39 
972 99 
973 57 
974 69 
975 3 
976 1 
977 9 
978 10 
979 10 
980 18 
981 45 
982 88 
983 4 
984 109 
985 4 
986 42 
987 46 
988 18 
989 330 
990 18 
991 6 
992 57 
993 18 
994 10 
995 20 
996 25 
997 1 
998 20 
999 18 
1000 11 
1001 45 
1002 5 
1003 1 
1004 49 
1005 10 
1006 73 
1007 76 
1008 38 
1009 6 
1010 18 
1011 18 
1012 20 
1013 20 
1014 37 
1015 101 
1016 38 
1017 99 
1018 170 
1019 48 
1020 61 
1021 112 
1022 10 
1023 51 
1024 213 
1025 20 
1026 106 
1027 20 
1028 20 
1029 45 
1030 172 
1031 49 
1032 1 
1033 9 
1034 33 
1035 69 
1036 44 
1037 40 
1038 73 
1039 18 
1040 141 
1041 88 
1042 59 
1043 264 
1044 39 
1045 5 
1046 68 
1047 63 
1048 68 
1049 20 
1050 43 
1051 11 
1052 20 
1053 41 
1054 79 
1055 18 
1056 214 
1057 18 
1058 96 
1059 83 
1060 29 
1061 10 
1062 18 
1063 139 
1064 4 
1065 20 
1066 18 
1067 44 
1068 54 
1069 39 
1070 3 
1071 6 
1072 293 
1073 43 
1074 13 
1075 18 
1076 70 
1077 35 
1078 44 
1079 20 
1080 207 
1081 7 
1082 44 
1083 18 
1084 59 
1085 20 
1086 41 
1087 21 
1088 115 
1089 20 
1090 18 
1091 39 
1092 20 
1093 10 
1094 53 
1095 18 
1096 29 
1097 18 
1098 18 
1099 45 
1100 36 
1101 4 
1102 50 
1103 20 
1104 51 
1105 71 
1106 10 
1107 43 
1108 145 
1109 61 
1110 2 
1111 1 
1112 9 
1113 53 
1114 124 
1115 34 
1116 62 
1117 61 
1118 10 
1119 9 
1120 18 
1121 57 
1122 13 
1123 31 
1124 10 
1125 9 
1126 16 
1127 55 
1128 160 
1129 23 
1130 18 
1131 6 
1132 4 
1133 18 
1134 36 
1135 10 
1136 21 
1137 20 
1138 4 
1139 3 
1140 57 
1141 9 
1142 111 
1143 18 
1144 9 
1145 48 
1146 14 
1147 18 
1148 10 
1149 7 
1150 50 
1151 18 
1152 99 
1153 7 
1154 99 
1155 41 
1156 2 
1157 263 
1158 255 
1159 20 
1160 45 
1161 11 
1162 46 
1163 18 
1164 10 
1165 1 
1166 44 
1167 15 
1168 9 
1169 227 
1170 58 
1171 38 
1172 18 
1173 55 
1174 102 
1175 9 
1176 4 
1177 129 
1178 47 
1179 39 
1180 5 
1181 7 
1182 47 
1183 126 
1184 30 
1185 58 
1186 52 
1187 38 
1188 79 
1189 58 
1190 18 
1191 36 
1192 42 
1193 8 
1194 60 
1195 40 
1196 70 
1197 37 
1198 9 
1199 90 
1200 20 
1201 66 
1202 73 
1203 87 
1204 20 
1205 6 
1206 49 
1207 170 
1208 18 
1209 2 
1210 110 
1211 44 
1212 8 
1213 93 
1214 33 
1215 61 
1216 62 
1217 144 
1218 1 
1219 18 
1220 263 
1221 77 
1222 4 
1223 428 
1224 46 
1225 48 
1226 16 
1227 47 
1228 36 
1229 44 
1230 27 
1231 18 
1232 10 
1233 18 
1234 18 
1235 57 
1236 113 
1237 9 
1238 18 
1239 119 
1240 18 
1241 35 
1242 53 
1243 10 
1244 20 
1245 56 
1246 20 
1247 10 
1248 79 
1249 20 
1250 111 
1251 118 
1252 15 
1253 2 
1254 203 
1255 36 
1256 86 
1257 123 
1258 42 
1259 59 
1260 127 
1261 9 
1262 60 
1263 41 
1264 18 
1265 6 
1266 106 
1267 20 
1268 44 
1269 2 
1270 20 
1271 7 
1272 38 
1273 6 
1274 47 
1275 107 
1276 60 
1277 1 
1278 14 
1279 60 
1280 240 
1281 98 
1282 9 
1283 18 
1284 20 
1285 217 
1286 45 
1287 18 
1288 4 
1289 41 
1290 11 
1291 4 
1292 44 
1293 88 
1294 3 
1295 18 
1296 5 
1297 55 
1298 18 
1299 59 
1300 4 
1301 82 
1302 80 
1303 2 
1304 18 
1305 9 
1306 10 
1307 86 
1308 10 
1309 76 
1310 93 
1311 84 
1312 123 
1313 6 
1314 18 
1315 6 
1316 60 
1317 82 
1318 3 
1319 20 
1320 20 
1321 6 
1322 10 
1323 54 
1324 13 
1325 58 
1326 36 
1327 30 
1328 2 
1329 34 
1330 46 
1331 18 
1332 34 
1333 13 
1334 20 
1335 37 
1336 8 
1337 39 
1338 44 
1339 34 
1340 5 
1341 13 
1342 34 
1343 18 
1344 23 
1345 18 
1346 31 
1347 8 
1348 256 
1349 50 
1350 44 
1351 131 
1352 43 
1353 100 
1354 19 
1355 47 
1356 37 
1357 9 
1358 10 
1359 6 
1360 13 
1361 18 
1362 90 
1363 41 
1364 58 
1365 39 
1366 54 
1367 29 
1368 6 
1369 43 
1370 11 
1371 20 
1372 98 
1373 9 
1374 1 
1375 151 
1376 123 
1377 8 
1378 54 
1379 58 
1380 49 
1381 43 
1382 8 
1383 175 
1384 101 
1385 11 
1386 45 
1387 2 
1388 20 
1389 70 
1390 6 
1391 62 
1392 6 
1393 4 
1394 9 
1395 24 
1396 23 
1397 111 
1398 203 
1399 25 
1400 44 
1401 18 
1402 3 
1403 39 
1404 11 
1405 3 
1406 20 
1407 18 
1408 9 
1409 41 
1410 56 
1411 130 
1412 61 
1413 52 
1414 13 
1415 140 
1416 13 
1417 56 
1418 46 
1419 14 
1420 6 
1421 2 
1422 18 
1423 168 
1424 83 
1425 124 
1426 18 
1427 65 
1428 9 
1429 6 
1430 99 
1431 5 
1432 41 
1433 20 
1434 127 
1435 43 
1436 20 
1437 47 
1438 141 
1439 18 
1440 36 
1441 18 
1442 51 
1443 10 
1444 88 
1445 25 
1446 9 
1447 50 
1448 47 
1449 10 
1450 56 
1451 20 
1452 206 
1453 57 
1454 47 
1455 3 
1456 2 
1457 4 
1458 43 
1459 16 
1460 46 
1461 19 
1462 18 
1463 18 
1464 43 
1465 12 
1466 10 
1467 28 
1468 18 
1469 26 
1470 2 
1471 59 
1472 119 
1473 108 
1474 48 
1475 3 
1476 39 
1477 18 
1478 29 
1479 20 
1480 17 
1481 10 
1482 18 
1483 20 
1484 18 
1485 56 
1486 11 
1487 36 
1488 63 
1489 82 
1490 79 
1491 29 
1492 108 
1493 18 
1494 44 
1495 52 
1496 18 
1497 13 
1498 38 
1499 59 
1500 56 
1501 77 
1502 53 
1503 16 
1504 18 
1505 115 
1506 37 
1507 15 
1508 59 
1509 52 
1510 99 
1511 46 
1512 75 
1513 20 
1514 18 
1515 49 
1516 7 
1517 20 
1518 8 
1519 20 
1520 10 
1521 6 
1522 20 
1523 230 
1524 64 
1525 6 
1526 38 
1527 12 
1528 111 
1529 32 
1530 2 
1531 39 
1532 58 
1533 4 
1534 10 
1535 12 
1536 81 
1537 39 
1538 43 
1539 1 
1540 24 
1541 58 
1542 4 
1543 108 
1544 48 
1545 18 
1546 93 
1547 20 
1548 18 
1549 77 
1550 3 
1551 159 
1552 27 
1553 6 
1554 20 
1555 81 
1556 12 
1557 68 
1558 60 
1559 9 
1560 108 
1561 20 
1562 1 
1563 40 
1564 18 
1565 18 
1566 50 
1567 132 
1568 57 
1569 38 
1570 216 
1571 44 
1572 15 
1573 27 
1574 35 
1575 75 
1576 145 
1577 18 
1578 64 
1579 2 
1580 21 
1581 29 
1582 44 
1583 60 
1584 1 
1585 18 
1586 45 
1587 6 
1588 85 
1589 62 
1590 20 
1591 97 
1592 44 
1593 32 
1594 2 
1595 39 
1596 38 
1597 121 
1598 66 
1599 12 
1600 11 
1601 56 
1602 18 
1603 59 
1604 18 
1605 17 
1606 1 
1607 32 
1608 20 
1609 141 
1610 127 
1611 6 
1612 90 
1613 87 
1614 10 
1615 77 
1616 75 
1617 175 
1618 17 
1619 18 
1620 19 
1621 18 
1622 217 
1623 38 
1624 75 
1625 41 
1626 61 
1627 227 
1628 32 
1629 20 
1630 58 
1631 8 
1632 16 
1633 58 
1634 45 
1635 7 
1636 101 
1637 36 
1638 27 
1639 15 
1640 63 
1641 99 
1642 44 
1643 191 
1644 75 
1645 20 
1646 2 
1647 18 
1648 35 
1649 47 
1650 57 
1651 98 
1652 50 
1653 98 
1654 89 
1655 53 
1656 71 
1657 46 
1658 18 
1659 59 
1660 73 
1661 7 
1662 5 
1663 272 
1664 20 
1665 31 
1666 38 
1667 41 
1668 41 
1669 18 
1670 20 
1671 20 
1672 70 
1673 12 
1674 56 
1675 106 
1676 44 
1677 4 
1678 4 
1679 9 
1680 45 
1681 20 
1682 29 
1683 118 
1684 3 
1685 53 
1686 13 
1687 20 
1688 12 
1689 75 
1690 20 
1691 121 
1692 150 
1693 18 
1694 20 
1695 57 
1696 18 
1697 44 
1698 76 
1699 20 
1700 2 
1701 106 
1702 9 
1703 203 
1704 98 
1705 9 
1706 16 
1707 6 
1708 45 
1709 28 
1710 20 
1711 34 
1712 178 
1713 9 
1714 58 
1715 11 
1716 29 
1717 20 
1718 98 
1719 125 
1720 57 
1721 122 
1722 10 
1723 43 
1724 18 
1725 51 
1726 38 
1727 12 
1728 135 
1729 379 
1730 20 
1731 96 
1732 99 
1733 18 
1734 7 
1735 18 
1736 309 
1737 79 
1738 10 
1739 29 
1740 73 
1741 105 
1742 15 
1743 57 
1744 9 
1745 56 
1746 52 
1747 10 
1748 15 
1749 51 
1750 58 
1751 12 
1752 6 
1753 14 
1754 5 
1755 14 
1756 42 
1757 18 
1758 58 
1759 12 
1760 18 
1761 7 
1762 71 
1763 23 
1764 5 
1765 10 
1766 18 
1767 9 
1768 145 
1769 35 
1770 18 
1771 50 
1772 44 
1773 58 
1774 6 
1775 115 
1776 60 
1777 66 
1778 101 
1779 11 
1780 11 
1781 41 
1782 18 
1783 59 
1784 18 
1785 9 
1786 59 
1787 6 
1788 95 
1789 35 
1790 45 
1791 118 
1792 18 
1793 43 
1794 43 
1795 11 
1796 154 
1797 18 
1798 144 
1799 8 
1800 18 
1801 2 
1802 124 
1803 75 
1804 20 
1805 58 
1806 10 
1807 20 
1808 20 
1809 230 
1810 20 
1811 24 
1812 125 
1813 10 
1814 29 
1815 44 
1816 3 
1817 56 
1818 10 
1819 56 
1820 41 
1821 49 
1822 11 
1823 32 
1824 80 
1825 90 
1826 50 
1827 35 
1828 20 
1829 121 
1830 19 
1831 18 
1832 39 
1833 25 
1834 18 
1835 190 
1836 58 
1837 25 
1838 48 
1839 20 
1840 33 
1841 8 
1842 24 
1843 15 
1844 51 
1845 37 
1846 41 
1847 6 
1848 214 
1849 31 
1850 40 
1851 10 
1852 45 
1853 62 
1854 2 
1855 20 
1856 6 
1857 6 
1858 48 
1859 38 
1860 45 
1861 59 
1862 2 
1863 114 
1864 3 
1865 60 
1866 6 
1867 9 
1868 18 
1869 31 
1870 32 
1871 18 
1872 100 
1873 23 
1874 199 
1875 18 
1876 236 
1877 56 
1878 57 
1879 25 
1880 20 
1881 20 
1882 33 
1883 29 
1884 96 
1885 4 
1886 71 
1887 81 
1888 22 
1889 77 
1890 55 
1891 18 
1892 18 
1893 9 
1894 34 
1895 100 
1896 45 
1897 18 
1898 29 
1899 73 
1900 18 
1901 39 
1902 3 
1903 18 
1904 379 
1905 18 
1906 47 
1907 41 
1908 10 
1909 18 
1910 129 
1911 34 
1912 11 
1913 10 
1914 18 
1915 27 
1916 14 
1917 174 
1918 49 
1919 6 
1920 44 
1921 2 
1922 44 
1923 98 
1924 4 
1925 44 
1926 18 
1927 57 
1928 20 
1929 64 
1930 133 
1931 63 
1932 201 
1933 53 
1934 20 
1935 25 
1936 20 
1937 33 
1938 18 
1939 8 
1940 119 
1941 55 
1942 20 
1943 31 
1944 11 
1945 44 
1946 28 
1947 44 
1948 42 
1949 45 
1950 237 
1951 16 
1952 18 
1953 70 
1954 43 
1955 39 
1956 179 
1957 18 
1958 13 
1959 17 
1960 13 
1961 52 
1962 18 
1963 49 
1964 2 
1965 8 
1966 34 
1967 126 
1968 9 
1969 37 
1970 8 
1971 18 
1972 4 
1973 42 
1974 89 
1975 44 
1976 39 
1977 9 
1978 20 
1979 18 
1980 80 
1981 10 
1982 18 
1983 3 
1984 8 
1985 48 
1986 38 
1987 79 
1988 8 
1989 39 
1990 68 
1991 134 
1992 20 
1993 9 
1994 3 
1995 17 
1996 234 
1997 62 
1998 141 
1999 18 
2000 20 
2001 43 
2002 57 
2003 20 
2004 70 
2005 106 
2006 41 
2007 47 
2008 18 
2009 192 
2010 5 
2011 18 
2012 35 
2013 80 
2014 18 
2015 10 
2016 18 
2017 60 
2018 43 
2019 2 
2020 20 
2021 76 
2022 1 
2023 9 
2024 39 
2025 10 
2026 114 
2027 101 
2028 42 
2029 101 
2030 8 
2031 91 
2032 13 
2033 111 
2034 46 
2035 45 
2036 3 
2037 23 
2038 20 
2039 2 
2040 81 
2041 45 
2042 43 
2043 10 
2044 41 
2045 62 
2046 11 
2047 9 
2048 112 
2049 58 
2050 56 
2051 41 
2052 17 
2053 8 
2054 117 
2055 579 
2056 18 
2057 48 
2058 20 
2059 20 
2060 1 
2061 49 
2062 111 
2063 39 
2064 103 
2065 20 
2066 16 
2067 50 
2068 9 
2069 579 
2070 18 
2071 49 
2072 109 
2073 92 
2074 73 
2075 44 
2076 87 
2077 6 
2078 58 
2079 41 
2080 57 
2081 16 
2082 1 
2083 25 
2084 71 
2085 23 
2086 7 
2087 46 
2088 20 
2089 4 
2090 144 
2091 111 
2092 15 
2093 63 
2094 250 
2095 35 
2096 18 
2097 10 
2098 62 
2099 13 
2100 46 
2101 54 
2102 150 
2103 229 
2104 38 
2105 218 
2106 4 
2107 18 
2108 101 
2109 8 
2110 75 
2111 4 
2112 102 
2113 98 
2114 74 
2115 88 
2116 33 
2117 20 
2118 7 
2119 18 
2120 4 
2121 18 
2122 63 
2123 94 
2124 34 
2125 44 
2126 33 
2127 99 
2128 51 
2129 38 
2130 101 
2131 18 
2132 44 
2133 49 
2134 10 
2135 5 
2136 103 
2137 43 
2138 15 
2139 42 
2140 13 
2141 23 
2142 18 
2143 10 
2144 79 
2145 77 
2146 95 
2147 26 
2148 18 
2149 48 
2150 26 
2151 64 
2152 34 
2153 36 
2154 13 
2155 125 
2156 5 
2157 12 
2158 18 
2159 58 
2160 28 
2161 6 
2162 60 
2163 18 
2164 47 
2165 1 
2166 20 
2167 6 
2168 125 
2169 46 
2170 28 
2171 2 
2172 172 
2173 46 
2174 4 
2175 10 
2176 49 
2177 10 
2178 61 
2179 55 
2180 129 
2181 51 
2182 42 
2183 20 
2184 90 
2185 379 
2186 9 
2187 58 
2188 98 
2189 123 
2190 57 
2191 35 
2192 101 
2193 18 
2194 38 
2195 57 
2196 71 
2197 7 
2198 30 
2199 47 
2200 13 
2201 9 
2202 10 
2203 141 
2204 6 
2205 124 
2206 18 
2207 50 
2208 124 
2209 18 
2210 27 
2211 88 
2212 63 
2213 61 
2214 11 
2215 52 
2216 36 
2217 9 
2218 119 
2219 57 
2220 18 
2221 2 
2222 150 
2223 101 
2224 18 
2225 18 
2226 12 
2227 58 
2228 23 
2229 3 
2230 39 
2231 76 
2232 99 
2233 6 
2234 90 
2235 13 
2236 254 
2237 87 
2238 29 
2239 20 
2240 27 
2241 48 
2242 37 
2243 105 
2244 129 
2245 20 
2246 221 
2247 18 
2248 38 
2249 87 
2250 6 
2251 73 
2252 8 
2253 43 
2254 90 
2255 17 
2256 90 
2257 37 
2258 82 
2259 18 
2260 9 
2261 3 
2262 33 
2263 20 
2264 15 
2265 18 
2266 44 
2267 77 
2268 36 
2269 18 
2270 29 
2271 22 
2272 80 
2273 44 
2274 120 
2275 12 
2276 20 
2277 18 
2278 78 
2279 34 
2280 125 
2281 5 
2282 16 
2283 20 
2284 87 
2285 58 
2286 18 
2287 115 
2288 18 
2289 15 
2290 13 
2291 125 
2292 36 
2293 48 
2294 4 
2295 2 
2296 108 
2297 18 
2298 37 
2299 59 
2300 73 
2301 20 
2302 110 
2303 10 
2304 7 
2305 1 
2306 13 
2307 5 
2308 18 
2309 105 
2310 53 
2311 79 
2312 16 
2313 11 
2314 60 
2315 5 
2316 44 
2317 8 
2318 13 
2319 1 
2320 10 
2321 45 
2322 76 
2323 18 
2324 5 
2325 113 
2326 45 
2327 25 
2328 109 
2329 63 
2330 20 
2331 20 
2332 54 
2333 57 
2334 40 
2335 14 
2336 18 
2337 30 
2338 147 
2339 2 
2340 2 
2341 121 
2342 10 
2343 2 
2344 18 
2345 73 
2346 9 
2347 23 
2348 71 
2349 20 
2350 108 
2351 5 
2352 69 
2353 16 
2354 20 
2355 78 
2356 56 
2357 38 
2358 14 
2359 9 
2360 17 
2361 33 
2362 159 
2363 90 
2364 18 
2365 20 
2366 38 
2367 13 
2368 6 
2369 12 
2370 21 
2371 20 
2372 39 
2373 17 
2374 44 
2375 20 
2376 48 
2377 125 
2378 6 
2379 8 
2380 20 
2381 39 
2382 105 
2383 10 
2384 53 
2385 18 
2386 39 
2387 73 
2388 41 
2389 22 
2390 121 
2391 230 
2392 16 
2393 10 
2394 26 
2395 20 
2396 20 
2397 52 
2398 48 
2399 90 
2400 45 
2401 19 
2402 84 
2403 62 
2404 118 
2405 12 
2406 20 
2407 10 
2408 20 
2409 48 
2410 7 
2411 151 
2412 4 
2413 9 
2414 40 
2415 9 
2416 10 
2417 18 
2418 59 
2419 1 
2420 7 
2421 38 
2422 33 
2423 64 
2424 36 
2425 6 
2426 44 
2427 118 
2428 29 
2429 18 
2430 4 
2431 32 
2432 43 
2433 73 
2434 20 
2435 25 
2436 1 
2437 18 
2438 43 
2439 141 
2440 18 
2441 9 
2442 64 
2443 30 
2444 59 
2445 84 
2446 18 
2447 35 
2448 8 
2449 363 
2450 9 
2451 115 
2452 20 
2453 10 
2454 3 
2455 7 
2456 20 
2457 20 
2458 90 
2459 18 
2460 16 
2461 47 
2462 5 
2463 18 
2464 3 
2465 64 
2466 245 
2467 29 
2468 16 
2469 23 
2470 10 
2471 44 
2472 50 
2473 58 
2474 111 
2475 44 
2476 6 
2477 14 
2478 20 
2479 125 
2480 118 
2481 266 
2482 31 
2483 55 
2484 26 
2485 9 
2486 18 
2487 6 
2488 53 
2489 16 
2490 57 
2491 54 
2492 51 
2493 90 
2494 27 
2495 73 
2496 58 
2497 56 
2498 10 
2499 18 
2500 18 
2501 58 
2502 22 
2503 129 
2504 22 
2505 78 
2506 38 
2507 62 
2508 60 
2509 7 
2510 52 
2511 121 
2512 45 
2513 62 
2514 106 
2515 18 
2516 20 
2517 4 
2518 18 
2519 18 
2520 43 
2521 40 
2522 25 
2523 6 
2524 63 
2525 18 
2526 73 
2527 80 
2528 125 
2529 18 
2530 18 
2531 95 
2532 78 
2533 14 
2534 25 
2535 20 
2536 178 
2537 61 
2538 112 
2539 51 
2540 4 
2541 5 
2542 2 
2543 15 
2544 20 
2545 73 
2546 7 
2547 49 
2548 58 
2549 18 
2550 99 
2551 18 
2552 33 
2553 40 
2554 6 
2555 64 
2556 88 
2557 48 
2558 125 
2559 49 
2560 101 
2561 91 
2562 41 
2563 41 
2564 46 
2565 26 
2566 57 
2567 25 
2568 15 
2569 5 
2570 18 
2571 20 
2572 9 
2573 20 
2574 45 
2575 191 
2576 12 
2577 93 
2578 121 
2579 42 
2580 18 
2581 59 
2582 6 
2583 57 
2584 18 
2585 18 
2586 2 
2587 36 
2588 41 
2589 18 
2590 18 
2591 26 
2592 10 
2593 18 
2594 6 
2595 10 
2596 54 
2597 44 
2598 16 
2599 7 
2600 20 
2601 19 
2602 61 
2603 94 
2604 58 
2605 33 
2606 29 
2607 117 
2608 285 
2609 13 
2610 20 
2611 61 
2612 173 
2613 9 
2614 113 
2615 78 
2616 18 
2617 49 
2618 40 
2619 1 
2620 101 
2621 98 
2622 73 
2623 29 
2624 35 
2625 53 
2626 52 
2627 20 
2628 39 
2629 357 
2630 10 
2631 9 
2632 40 
2633 10 
2634 35 
2635 4 
2636 41 
2637 40 
2638 44 
2639 18 
2640 6 
2641 53 
2642 44 
2643 40 
2644 9 
2645 18 
2646 44 
2647 44 
2648 28 
2649 44 
2650 87 
2651 29 
2652 9 
2653 6 
2654 20 
2655 101 
2656 4 
2657 129 
2658 55 
2659 18 
2660 46 
2661 7 
2662 119 
2663 94 
2664 18 
2665 12 
2666 9 
2667 20 
2668 10 
2669 20 
2670 7 
2671 44 
2672 263 
2673 20 
2674 9 
2675 12 
2676 42 
2677 44 
2678 52 
2679 352 
2680 18 
2681 55 
2682 32 
2683 12 
2684 39 
2685 55 
2686 70 
2687 18 
2688 44 
2689 125 
2690 72 
2691 45 
2692 18 
2693 47 
2694 78 
2695 245 
2696 62 
2697 71 
2698 118 
2699 35 
2700 4 
2701 32 
2702 83 
2703 22 
2704 91 
2705 18 
2706 12 
2707 79 
2708 102 
2709 38 
2710 24 
2711 38 
2712 62 
2713 23 
2714 48 
2715 18 
2716 9 
2717 18 
2718 4 
2719 18 
2720 9 
2721 174 
2722 178 
2723 124 
2724 134 
2725 45 
2726 5 
2727 20 
2728 18 
2729 5 
2730 52 
2731 20 
2732 5 
2733 23 
2734 18 
2735 82 
2736 41 
2737 18 
2738 44 
2739 18 
2740 9 
2741 9 
2742 125 
2743 182 
2744 100 
2745 20 
2746 43 
2747 57 
2748 18 
2749 17 
2750 31 
2751 3 
2752 9 
2753 101 
2754 6 
2755 118 
2756 18 
2757 61 
2758 4 
2759 80 
2760 29 
2761 125 
2762 130 
2763 12 
2764 2 
2765 577 
2766 29 
2767 70 
2768 223 
2769 20 
2770 19 
2771 73 
2772 57 
2773 10 
2774 41 
2775 57 
2776 8 
2777 58 
2778 118 
2779 145 
2780 41 
2781 18 
2782 82 
2783 101 
2784 55 
2785 227 
2786 57 
2787 84 
2788 9 
2789 101 
2790 18 
2791 16 
2792 18 
2793 3 
2794 44 
2795 79 
2796 173 
2797 110 
2798 31 
2799 18 
2800 10 
2801 15 
2802 47 
2803 33 
2804 47 
2805 18 
2806 10 
2807 10 
2808 41 
2809 121 
2810 51 
2811 128 
2812 19 
2813 20 
2814 22 
2815 25 
2816 49 
2817 20 
2818 92 
2819 3 
2820 45 
2821 9 
2822 18 
2823 49 
2824 27 
2825 43 
2826 106 
2827 66 
2828 112 
2829 10 
2830 45 
2831 5 
2832 68 
2833 37 
2834 64 
2835 61 
2836 73 
2837 119 
2838 41 
2839 6 
2840 67 
2841 9 
2842 20 
2843 40 
2844 73 
2845 2 
2846 1 
2847 2 
2848 27 
2849 26 
2850 77 
2851 141 
2852 20 
2853 106 
2854 20 
2855 20 
2856 217 
2857 83 
2858 18 
2859 28 
2860 39 
2861 39 
2862 9 
2863 1 
2864 15 
2865 43 
2866 20 
2867 20 
2868 18 
2869 20 
2870 20 
2871 45 
2872 357 
2873 45 
2874 37 
2875 39 
2876 27 
2877 48 
2878 5 
2879 75 
2880 106 
2881 20 
2882 261 
2883 5 
2884 33 
2885 60 
2886 276 
2887 10 
2888 34 
2889 52 
2890 23 
2891 1 
2892 41 
2893 115 
2894 52 
2895 10 
2896 20 
2897 41 
2898 57 
2899 59 
2900 38 
2901 20 
2902 18 
2903 52 
2904 20 
2905 191 
2906 17 
2907 8 
2908 20 
2909 5 
2910 73 
2911 165 
2912 52 
2913 105 
2914 18 
2915 20 
2916 11 
2917 25 
2918 20 
2919 15 
2920 58 
2921 92 
2922 51 
2923 18 
2924 125 
2925 20 
2926 20 
2927 41 
2928 2 
2929 44 
2930 10 
2931 33 
2932 111 
2933 20 
2934 18 
2935 45 
2936 3 
2937 31 
2938 39 
2939 90 
2940 125 
2941 18 
2942 45 
2943 20 
2944 18 
2945 9 
2946 35 
2947 9 
2948 93 
2949 10 
2950 248 
2951 45 
2952 118 
2953 89 
2954 18 
2955 114 
2956 11 
2957 18 
2958 44 
2959 4 
2960 4 
2961 255 
2962 122 
2963 118 
2964 41 
2965 43 
2966 59 
2967 20 
2968 18 
2969 105 
2970 114 
2971 218 
2972 40 
2973 18 
2974 18 
2975 114 
2976 18 
2977 52 
2978 8 
2979 49 
2980 44 
2981 6 
2982 20 
2983 50 
2984 20 
2985 20 
2986 2 
2987 33 
2988 124 
2989 80 
2990 1 
2991 106 
2992 7 
2993 33 
2994 22 
2995 42 
2996 6 
2997 9 
2998 13 
2999 24 
3000 12 
3001 18 
3002 20 
3003 191 
3004 9 
3005 6 
3006 18 
3007 101 
3008 18 
3009 46 
3010 18 
3011 12 
3012 18 
3013 10 
3014 20 
3015 64 
3016 18 
3017 3 
3018 18 
3019 20 
3020 10 
3021 18 
3022 141 
3023 18 
3024 101 
3025 5 
3026 20 
3027 10 
3028 51 
3029 57 
3030 48 
3031 118 
3032 40 
3033 18 
3034 112 
3035 101 
3036 8 
3037 61 
3038 44 
3039 29 
3040 1 
3041 5 
3042 45 
3043 18 
3044 176 
3045 59 
3046 30 
3047 51 
3048 23 
3049 119 
3050 75 
3051 49 
3052 18 
3053 18 
3054 25 
3055 58 
3056 15 
3057 45 
3058 43 
3059 10 
3060 27 
3061 98 
3062 58 
3063 38 
3064 44 
3065 5 
3066 74 
3067 178 
3068 18 
3069 190 
3070 29 
3071 18 
3072 8 
3073 75 
3074 45 
3075 58 
3076 34 
3077 20 
3078 59 
3079 18 
3080 6 
3081 99 
3082 10 
3083 12 
3084 5 
3085 45 
3086 41 
3087 577 
3088 31 
3089 11 
3090 18 
3091 14 
3092 15 
3093 114 
3094 5 
3095 18 
3096 31 
3097 70 
3098 20 
3099 168 
3100 15 
3101 37 
3102 9 
3103 16 
3104 18 
3105 141 
3106 20 
3107 94 
3108 106 
3109 33 
3110 44 
3111 11 
3112 42 
3113 41 
3114 32 
3115 395 
3116 18 
3117 90 
3118 9 
3119 52 
3120 1 
3121 15 
3122 28 
3123 35 
3124 45 
3125 140 
3126 38 
3127 79 
3128 11 
3129 18 
3130 40 
3131 52 
3132 63 
3133 47 
3134 39 
3135 38 
3136 57 
3137 108 
3138 20 
3139 18 
3140 20 
3141 95 
3142 20 
3143 2 
3144 82 
3145 93 
3146 63 
3147 92 
3148 72 
3149 125 
3150 45 
3151 50 
3152 18 
3153 10 
3154 38 
3155 81 
3156 38 
3157 95 
3158 46 
3159 13 
3160 143 
3161 122 
3162 15 
3163 137 
3164 48 
3165 125 
3166 100 
3167 11 
3168 111 
3169 133 
3170 4 
3171 45 
3172 33 
3173 6 
3174 55 
3175 6 
3176 3 
3177 58 
3178 70 
3179 40 
3180 18 
3181 9 
3182 18 
3183 9 
3184 6 
3185 18 
3186 51 
3187 94 
3188 4 
3189 39 
3190 70 
3191 42 
3192 4 
3193 18 
3194 48 
3195 29 
3196 9 
3197 28 
3198 4 
3199 20 
3200 6 
3201 55 
3202 18 
3203 70 
3204 205 
3205 26 
3206 154 
3207 36 
3208 13 
3209 6 
3210 12 
3211 45 
3212 18 
3213 86 
3214 46 
3215 41 
3216 26 
3217 11 
3218 89 
3219 37 
3220 2 
3221 124 
3222 42 
3223 6 
3224 79 
3225 92 
3226 272 
3227 7 
3228 19 
3229 74 
3230 20 
3231 4 
3232 54 
3233 13 
3234 48 
3235 12 
3236 18 
3237 3 
3238 25 
3239 5 
3240 75 
3241 124 
3242 12 
3243 18 
3244 79 
3245 75 
3246 74 
3247 14 
3248 2 
3249 18 
3250 20 
3251 84 
3252 18 
3253 20 
3254 6 
3255 6 
3256 38 
3257 32 
3258 6 
3259 27 
3260 11 
3261 111 
3262 102 
3263 1 
3264 2 
3265 10 
3266 18 
3267 53 
3268 86 
3269 37 
3270 20 
3271 10 
3272 45 
3273 101 
3274 12 
3275 8 
3276 6 
3277 42 
3278 8 
3279 20 
3280 100 
3281 9 
3282 12 
3283 4 
3284 56 
3285 4 
3286 28 
3287 92 
3288 45 
3289 1 
3290 44 
3291 81 
3292 20 
3293 18 
3294 18 
3295 1 
3296 44 
3297 40 
3298 57 
3299 18 
3300 5 
3301 38 
3302 1 
3303 39 
3304 79 
3305 203 
3306 3 
3307 14 
3308 58 
3309 93 
3310 20 
3311 7 
3312 55 
3313 60 
3314 27 
3315 7 
3316 33 
3317 6 
3318 44 
3319 41 
3320 37 
3321 49 
3322 15 
3323 5 
3324 6 
3325 42 
3326 119 
3327 92 
3328 10 
3329 71 
3330 33 
3331 141 
3332 272 
3333 10 
3334 4 
3335 58 
3336 73 
3337 52 
3338 39 
3339 10 
3340 18 
3341 64 
3342 70 
3343 18 
3344 18 
3345 16 
3346 99 
3347 37 
3348 18 
3349 141 
3350 40 
3351 11 
3352 29 
3353 41 
3354 2 
3355 59 
3356 18 
3357 55 
3358 101 
3359 18 
3360 9 
3361 18 
3362 18 
3363 18 
3364 178 
3365 140 
3366 18 
3367 10 
3368 38 
3369 23 
3370 110 
3371 18 
3372 9 
3373 20 
3374 18 
3375 3 
3376 18 
3377 41 
3378 18 
3379 114 
3380 7 
3381 45 
3382 44 
3383 101 
3384 8 
3385 28 
3386 18 
3387 18 
3388 102 
3389 29 
3390 44 
3391 11 
3392 27 
3393 3 
3394 330 
3395 16 
3396 8 
3397 65 
3398 1 
3399 20 
3400 18 
3401 6 
3402 77 
3403 131 
3404 13 
3405 169 
3406 55 
3407 244 
3408 56 
3409 41 
3410 15 
3411 10 
3412 10 
3413 111 
3414 13 
3415 133 
3416 12 
3417 93 
3418 10 
3419 9 
3420 89 
3421 18 
3422 100 
3423 90 
3424 92 
3425 38 
3426 20 
3427 9 
3428 61 
3429 16 
3430 58 
3431 249 
3432 58 
3433 20 
3434 35 
3435 17 
3436 79 
3437 7 
3438 14 
3439 147 
3440 154 
3441 61 
3442 70 
3443 63 
3444 73 
3445 58 
3446 41 
3447 46 
3448 111 
3449 134 
3450 15 
3451 6 
3452 90 
3453 58 
3454 23 
3455 45 
3456 28 
3457 93 
3458 7 
3459 47 
3460 18 
3461 244 
3462 63 
3463 8 
3464 40 
3465 60 
3466 79 
3467 5 
3468 112 
3469 12 
3470 12 
3471 21 
3472 45 
3473 10 
3474 20 
3475 10 
3476 94 
3477 130 
3478 77 
3479 53 
3480 18 
3481 55 
3482 53 
3483 21 
3484 76 
3485 33 
3486 33 
3487 46 
3488 6 
3489 58 
3490 35 
3491 7 
3492 81 
3493 41 
3494 75 
3495 13 
3496 25 
3497 18 
3498 38 
3499 121 
3500 20 
3501 29 
3502 111 
3503 18 
3504 83 
3505 12 
3506 102 
3507 90 
3508 20 
3509 74 
3510 73 
3511 33 
3512 35 
3513 18 
3514 9 
3515 6 
3516 36 
3517 59 
3518 90 
3519 51 
3520 33 
3521 8 
3522 39 
3523 10 
3524 20 
3525 39 
3526 126 
3527 13 
3528 40 
3529 10 
3530 20 
3531 82 
3532 46 
3533 6 
3534 20 
3535 20 
3536 20 
3537 79 
3538 29 
3539 18 
3540 39 
3541 10 
3542 6 
3543 18 
3544 4 
3545 64 
3546 73 
3547 6 
3548 20 
3549 13 
3550 18 
3551 32 
3552 93 
3553 18 
3554 121 
3555 18 
3556 4 
3557 101 
3558 33 
3559 227 
3560 29 
3561 18 
3562 108 
3563 3 
3564 12 
3565 43 
3566 75 
3567 61 
3568 20 
3569 24 
3570 57 
3571 45 
3572 13 
3573 63 
3574 18 
3575 80 
3576 1 
3577 20 
3578 40 
3579 123 
3580 4 
3581 14 
3582 210 
3583 60 
3584 46 
3585 13 
3586 38 
3587 5 
3588 87 
3589 18 
3590 14 
3591 224 
3592 67 
3593 579 
3594 118 
3595 60 
3596 111 
3597 18 
3598 18 
3599 20 
3600 7 
3601 103 
3602 130 
3603 42 
3604 87 
3605 115 
3606 47 
3607 30 
3608 44 
3609 61 
3610 18 
3611 147 
3612 52 
3613 6 
3614 41 
3615 51 
3616 141 
3617 99 
3618 65 
3619 82 
3620 44 
3621 20 
3622 2 
3623 58 
3624 3 
3625 20 
3626 18 
3627 41 
3628 16 
3629 15 
3630 111 
3631 12 
3632 7 
3633 105 
3634 18 
3635 20 
3636 3 
3637 100 
3638 44 
3639 1 
3640 44 
3641 35 
3642 116 
3643 134 
3644 151 
3645 3 
3646 45 
3647 6 
3648 46 
3649 57 
3650 106 
3651 44 
3652 5 
3653 39 
3654 170 
3655 5 
3656 18 
3657 46 
3658 9 
3659 81 
3660 56 
3661 90 
3662 47 
3663 105 
3664 12 
3665 18 
3666 20 
3667 125 
3668 272 
3669 16 
3670 20 
3671 116 
3672 18 
3673 32 
3674 6 
3675 38 
3676 20 
3677 12 
3678 39 
3679 12 
3680 101 
3681 20 
3682 45 
3683 18 
3684 9 
3685 89 
3686 41 
3687 20 
3688 111 
3689 16 
3690 47 
3691 159 
3692 39 
3693 18 
3694 9 
3695 39 
3696 18 
3697 23 
3698 29 
3699 48 
3700 29 
3701 33 
3702 3 
3703 45 
3704 41 
3705 118 
3706 57 
3707 18 
3708 33 
3709 63 
3710 1 
3711 49 
3712 34 
3713 18 
3714 58 
3715 46 
3716 15 
3717 13 
3718 49 
3719 58 
3720 114 
3721 87 
3722 96 
3723 61 
3724 10 
3725 58 
3726 11 
3727 8 
3728 4 
3729 18 
3730 9 
3731 8 
3732 39 
3733 4 
3734 7 
3735 20 
3736 3 
3737 20 
3738 9 
3739 35 
3740 5 
3741 174 
3742 15 
3743 106 
3744 12 
3745 7 
3746 40 
3747 44 
3748 41 
3749 12 
3750 22 
3751 40 
3752 1 
3753 52 
3754 97 
3755 18 
3756 20 
3757 15 
3758 106 
3759 56 
3760 9 
3761 44 
3762 35 
3763 6 
3764 48 
3765 236 
3766 85 
3767 18 
3768 55 
3769 93 
3770 41 
3771 48 
3772 124 
3773 6 
3774 29 
3775 48 
3776 20 
3777 18 
3778 1 
3779 13 
3780 12 
3781 14 
3782 47 
3783 33 
3784 93 
3785 121 
3786 6 
3787 45 
3788 26 
3789 29 
3790 101 
3791 106 
3792 20 
3793 18 
3794 12 
3795 223 
3796 51 
3797 6 
3798 44 
3799 80 
3800 5 
3801 53 
3802 46 
3803 28 
3804 98 
3805 33 
3806 6 
3807 31 
3808 57 
3809 3 
3810 9 
3811 52 
3812 174 
3813 4 
3814 114 
3815 96 
3816 48 
3817 2 
3818 18 
3819 49 
3820 4 
3821 58 
3822 40 
3823 9 
3824 25 
3825 7 
3826 100 
3827 113 
3828 18 
3829 17 
3830 10 
3831 65 
3832 9 
3833 90 
3834 18 
3835 36 
3836 101 
3837 12 
3838 11 
3839 39 
3840 23 
3841 105 
3842 5 
3843 178 
3844 60 
3845 4 
3846 92 
3847 4 
3848 5 
3849 10 
3850 128 
3851 73 
3852 100 
3853 255 
3854 63 
3855 58 
3856 17 
3857 56 
3858 34 
3859 18 
3860 44 
3861 1 
3862 10 
3863 45 
3864 178 
3865 60 
3866 18 
3867 20 
3868 5 
3869 109 
3870 72 
3871 58 
3872 10 
3873 20 
3874 18 
3875 110 
3876 3 
3877 29 
3878 107 
3879 13 
3880 18 
3881 73 
3882 6 
3883 87 
3884 59 
3885 110 
3886 73 
3887 174 
3888 6 
3889 8 
3890 52 
3891 53 
3892 39 
3893 106 
3894 7 
3895 82 
3896 54 
3897 46 
3898 18 
3899 19 
3900 18 
3901 73 
3902 51 
3903 4 
3904 38 
3905 128 
3906 18 
3907 12 
3908 47 
3909 73 
3910 6 
3911 4 
3912 47 
3913 58 
3914 18 
3915 51 
3916 4 
3917 19 
3918 18 
3919 18 
3920 1 
3921 92 
3922 59 
3923 80 
3924 18 
3925 174 
3926 35 
3927 18 
3928 18 
3929 265 
3930 20 
3931 111 
3932 10 
3933 2 
3934 38 
3935 70 
3936 93 
3937 18 
3938 42 
3939 236 
3940 40 
3941 73 
3942 74 
3943 18 
3944 7 
3945 44 
3946 20 
3947 101 
3948 15 
3949 42 
3950 123 
3951 57 
3952 111 
3953 3 
3954 52 
3955 63 
3956 42 
3957 51 
3958 41 
3959 12 
3960 6 
3961 44 
3962 236 
3963 170 
3964 1 
3965 21 
3966 18 
3967 18 
3968 95 
3969 6 
3970 182 
3971 51 
3972 17 
3973 82 
3974 4 
3975 42 
3976 123 
3977 2 
3978 41 
3979 18 
3980 151 
3981 18 
3982 10 
3983 101 
3984 228 
3985 48 
3986 63 
3987 16 
3988 1 
3989 80 
3990 80 
3991 42 
3992 134 
3993 234 
3994 12 
3995 82 
3996 62 
3997 18 
3998 121 
3999 101 
4000 101 
4001 61 
4002 147 
4003 188 
4004 20 
4005 6 
4006 21 
4007 44 
4008 45 
4009 47 
4010 47 
4011 37 
4012 19 
4013 10 
4014 8 
4015 20 
4016 1 
4017 71 
4018 94 
4019 9 
4020 58 
4021 19 
4022 20 
4023 41 
4024 12 
4025 2 
4026 8 
4027 18 
4028 12 
4029 74 
4030 18 
4031 272 
4032 18 
4033 10 
4034 28 
4035 28 
4036 39 
4037 207 
4038 32 
4039 113 
4040 27 
4041 162 
4042 45 
4043 9 
4044 18 
4045 15 
4046 5 
4047 10 
4048 20 
4049 20 
4050 99 
4051 85 
4052 44 
4053 2 
4054 106 
4055 39 
4056 20 
4057 20 
4058 41 
4059 44 
4060 108 
4061 32 
4062 10 
4063 9 
4064 39 
4065 5 
4066 95 
4067 12 
4068 49 
4069 18 
4070 25 
4071 57 
4072 29 
4073 9 
4074 58 
4075 20 
4076 50 
4077 96 
4078 89 
4079 18 
4080 41 
4081 63 
4082 63 
4083 8 
4084 12 
4085 41 
4086 9 
4087 31 
4088 20 
4089 94 
4090 88 
4091 93 
4092 10 
4093 50 
4094 45 
4095 42 
4096 12 
4097 35 
4098 75 
4099 45 
4100 45 
4101 134 
4102 80 
4103 140 
4104 101 
4105 12 
4106 19 
4107 93 
4108 9 
4109 179 
4110 4 
4111 20 
4112 11 
4113 9 
4114 20 
4115 33 
4116 99 
4117 22 
4118 10 
4119 10 
4120 128 
4121 82 
4122 87 
4123 25 
4124 18 
4125 46 
4126 101 
4127 60 
4128 18 
4129 5 
4130 57 
4131 6 
4132 10 
4133 10 
4134 10 
4135 15 
4136 41 
4137 26 
4138 44 
4139 25 
4140 4 
4141 28 
4142 18 
4143 26 
4144 44 
4145 6 
4146 98 
4147 4 
4148 6 
4149 20 
4150 13 
4151 18 
4152 18 
4153 18 
4154 55 
4155 40 
4156 27 
4157 1 
4158 33 
4159 39 
4160 25 
4161 79 
4162 80 
4163 90 
4164 18 
4165 25 
4166 2 
4167 16 
4168 18 
4169 33 
4170 12 
4171 18 
4172 70 
4173 110 
4174 108 
4175 110 
4176 13 
4177 2 
4178 57 
4179 94 
4180 10 
4181 99 
4182 89 
4183 15 
4184 36 
4185 72 
4186 71 
4187 6 
4188 222 
4189 48 
4190 18 
4191 6 
4192 6 
4193 8 
4194 129 
4195 23 
4196 39 
4197 55 
4198 151 
4199 18 
4200 52 
4201 15 
4202 263 
4203 16 
4204 17 
4205 18 
4206 51 
4207 39 
4208 178 
4209 6 
4210 101 
4211 9 
4212 9 
4213 27 
4214 12 
4215 18 
4216 2 
4217 12 
4218 76 
4219 65 
4220 18 
4221 59 
4222 124 
4223 9 
4224 12 
4225 1 
4226 123 
4227 45 
4228 47 
4229 85 
4230 174 
4231 9 
4232 18 
4233 45 
4234 10 
4235 173 
4236 1 
4237 18 
4238 18 
4239 73 
4240 125 
4241 93 
4242 6 
4243 40 
4244 51 
4245 111 
4246 25 
4247 13 
4248 60 
4249 18 
4250 10 
4251 48 
4252 34 
4253 23 
4254 76 
4255 105 
4256 60 
4257 17 
4258 25 
4259 42 
4260 293 
4261 141 
4262 51 
4263 50 
4264 5 
4265 18 
4266 61 
4267 43 
4268 9 
4269 32 
4270 101 
4271 18 
4272 120 
4273 6 
4274 2 
4275 9 
4276 7 
4277 6 
4278 77 
4279 18 
4280 62 
4281 111 
4282 113 
4283 45 
4284 74 
4285 18 
4286 21 
4287 51 
4288 45 
4289 21 
4290 58 
4291 58 
4292 13 
4293 51 
4294 172 
4295 13 
4296 92 
4297 18 
4298 73 
4299 33 
4300 23 
4301 210 
4302 18 
4303 7 
4304 6 
4305 2 
4306 35 
4307 61 
4308 18 
4309 18 
4310 15 
4311 7 
4312 3 
4313 87 
4314 6 
4315 18 
4316 86 
4317 18 
4318 107 
4319 7 
4320 46 
4321 29 
4322 15 
4323 52 
4324 20 
4325 57 
4326 31 
4327 52 
4328 6 
4329 216 
4330 39 
4331 20 
4332 7 
4333 27 
4334 1 
4335 125 
4336 51 
4337 11 
4338 18 
4339 49 
4340 85 
4341 45 
4342 10 
4343 45 
4344 24 
4345 40 
4346 101 
4347 87 
4348 108 
4349 1 
4350 106 
4351 18 
4352 4 
4353 18 
4354 4 
4355 45 
4356 40 
4357 19 
4358 3 
4359 96 
4360 18 
4361 47 
4362 9 
4363 54 
4364 11 
4365 99 
4366 66 
4367 166 
4368 73 
4369 46 
4370 44 
4371 9 
4372 9 
4373 58 
4374 39 
4375 20 
4376 58 
4377 18 
4378 13 
4379 82 
4380 75 
4381 141 
4382 18 
4383 1 
4384 86 
4385 20 
4386 18 
4387 18 
4388 18 
4389 20 
4390 9 
4391 58 
4392 31 
4393 87 
4394 63 
4395 10 
4396 42 
4397 61 
4398 203 
4399 18 
4400 20 
4401 2 
4402 18 
4403 26 
4404 51 
4405 10 
4406 60 
4407 28 
4408 73 
4409 24 
4410 45 
4411 20 
4412 51 
4413 2 
4414 54 
4415 45 
4416 98 
4417 20 
4418 110 
4419 18 
4420 18 
4421 4 
4422 46 
4423 20 
4424 18 
4425 99 
4426 48 
4427 18 
4428 87 
4429 84 
4430 18 
4431 6 
4432 25 
4433 18 
4434 25 
4435 15 
4436 18 
4437 61 
4438 18 
4439 151 
4440 61 
4441 18 
4442 10 
4443 122 
4444 58 
4445 9 
4446 45 
4447 6 
4448 47 
4449 38 
4450 12 
4451 79 
4452 75 
4453 18 
4454 165 
4455 62 
4456 3 
4457 48 
4458 58 
4459 10 
4460 111 
4461 4 
4462 40 
4463 9 
4464 52 
4465 43 
4466 37 
4467 10 
4468 45 
4469 9 
4470 50 
4471 18 
4472 6 
4473 101 
4474 17 
4475 10 
4476 86 
4477 7 
4478 27 
4479 43 
4480 57 
4481 218 
4482 27 
4483 111 
4484 31 
4485 6 
4486 1 
4487 102 
4488 48 
4489 18 
4490 17 
4491 20 
4492 293 
4493 31 
4494 48 
4495 6 
4496 101 
4497 174 
4498 20 
4499 18 
4500 23 
4501 8 
4502 18 
4503 20 
4504 20 
4505 20 
4506 18 
4507 25 
4508 122 
4509 73 
4510 20 
4511 93 
4512 87 
4513 10 
4514 39 
4515 72 
4516 42 
4517 18 
4518 40 
4519 18 
4520 174 
4521 19 
4522 20 
4523 99 
4524 20 
4525 4 
4526 217 
4527 60 
4528 18 
4529 93 
4530 98 
4531 29 
4532 58 
4533 18 
4534 16 
4535 18 
4536 9 
4537 12 
4538 8 
4539 6 
4540 6 
4541 9 
4542 61 
4543 46 
4544 27 
4545 173 
4546 4 
4547 46 
4548 31 
4549 9 
4550 48 
4551 82 
4552 9 
4553 32 
4554 43 
4555 20 
4556 10 
4557 263 
4558 34 
4559 4 
4560 60 
4561 56 
4562 43 
4563 100 
4564 140 
4565 18 
4566 49 
4567 5 
4568 119 
4569 18 
4570 9 
4571 207 
4572 88 
4573 118 
4574 5 
4575 1 
4576 35 
4577 18 
4578 1 
4579 111 
4580 4 
4581 56 
4582 28 
4583 254 
4584 97 
4585 18 
4586 20 
4587 11 
4588 6 
4589 39 
4590 70 
4591 38 
4592 2 
4593 102 
4594 129 
4595 10 
4596 9 
4597 6 
4598 4 
4599 94 
4600 26 
4601 106 
4602 20 
4603 64 
4604 66 
4605 6 
4606 150 
4607 102 
4608 92 
4609 41 
4610 24 
4611 61 
4612 90 
4613 10 
4614 16 
4615 59 
4616 15 
4617 218 
4618 293 
4619 121 
4620 33 
4621 41 
4622 28 
4623 10 
4624 18 
4625 76 
4626 98 
4627 24 
4628 45 
4629 38 
4630 97 
4631 64 
4632 18 
4633 4 
4634 2 
4635 1 
4636 75 
4637 10 
4638 18 
4639 52 
4640 20 
4641 46 
4642 18 
4643 28 
4644 13 
4645 40 
4646 6 
4647 5 
4648 32 
4649 15 
4650 6 
4651 20 
4652 41 
4653 11 
4654 38 
4655 16 
4656 58 
4657 61 
4658 10 
4659 56 
4660 2 
4661 111 
4662 111 
4663 44 
4664 124 
4665 16 
4666 18 
4667 44 
4668 310 
4669 35 
4670 41 
4671 41 
4672 100 
4673 32 
4674 38 
4675 44 
4676 21 
4677 7 
4678 83 
4679 18 
4680 107 
4681 18 
4682 174 
4683 1 
4684 20 
4685 203 
4686 1 
4687 34 
4688 28 
4689 111 
4690 18 
4691 73 
4692 48 
4693 85 
4694 58 
4695 105 
4696 80 
4697 39 
4698 34 
4699 114 
4700 16 
4701 41 
4702 7 
4703 83 
4704 6 
4705 87 
4706 10 
4707 50 
4708 58 
4709 72 
4710 99 
4711 59 
4712 7 
4713 58 
4714 25 
4715 46 
4716 20 
4717 13 
4718 18 
4719 133 
4720 9 
4721 20 
4722 2 
4723 10 
4724 40 
4725 41 
4726 18 
4727 37 
4728 94 
4729 57 
4730 9 
4731 18 
4732 56 
4733 6 
4734 10 
4735 10 
4736 48 
4737 36 
4738 99 
4739 40 
4740 101 
4741 42 
4742 33 
4743 17 
4744 20 
4745 36 
4746 18 
4747 56 
4748 45 
4749 13 
4750 18 
4751 128 
4752 51 
4753 47 
4754 43 
4755 4 
4756 1 
4757 107 
4758 1 
4759 39 
4760 122 
4761 4 
4762 20 
4763 4 
4764 10 
4765 57 
4766 57 
4767 42 
4768 48 
4769 10 
4770 5 
4771 89 
4772 33 
4773 20 
4774 263 
4775 43 
4776 207 
4777 18 
4778 36 
4779 61 
4780 4 
4781 4 
4782 4 
4783 100 
4784 20 
4785 2 
4786 59 
4787 57 
4788 54 
4789 63 
4790 1 
4791 3 
4792 38 
4793 29 
4794 49 
4795 93 
4796 20 
4797 45 
4798 1 
4799 23 
4800 16 
4801 15 
4802 49 
4803 5 
4804 32 
4805 2 
4806 44 
4807 38 
4808 4 
4809 7 
4810 18 
4811 9 
4812 20 
4813 27 
4814 28 
4815 14 
4816 20 
4817 46 
4818 40 
4819 65 
4820 141 
4821 106 
4822 20 
4823 60 
4824 42 
4825 80 
4826 15 
4827 44 
4828 130 
4829 6 
4830 82 
4831 6 
4832 74 
4833 25 
4834 71 
4835 20 
4836 79 
4837 3 
4838 33 
4839 37 
4840 13 
4841 9 
4842 44 
4843 20 
4844 44 
4845 57 
4846 10 
4847 140 
4848 31 
4849 20 
4850 45 
4851 71 
4852 56 
4853 43 
4854 90 
4855 18 
4856 41 
4857 2 
4858 15 
4859 6 
4860 46 
4861 93 
4862 38 
4863 121 
4864 29 
4865 111 
4866 18 
4867 10 
4868 58 
4869 37 
4870 313 
4871 10 
4872 12 
4873 21 
4874 18 
4875 54 
4876 18 
4877 114 
4878 173 
4879 99 
4880 2 
4881 10 
4882 98 
4883 266 
4884 45 
4885 20 
4886 38 
4887 116 
4888 20 
4889 39 
4890 4 
4891 173 
4892 18 
4893 20 
4894 85 
4895 20 
4896 311 
4897 20 
4898 111 
4899 17 
4900 23 
4901 44 
4902 40 
4903 42 
4904 65 
4905 40 
4906 6 
4907 20 
4908 49 
4909 65 
4910 87 
4911 10 
4912 29 
4913 61 
4914 106 
4915 7 
4916 39 
4917 4 
4918 4 
4919 18 
4920 64 
4921 5 
4922 30 
4923 20 
4924 33 
4925 20 
4926 41 
4927 6 
4928 192 
4929 73 
4930 53 
4931 42 
4932 73 
4933 133 
4934 41 
4935 20 
4936 39 
4937 55 
4938 82 
4939 8 
4940 3 
4941 91 
4942 9 
4943 38 
4944 46 
4945 9 
4946 46 
4947 7 
4948 3 
4949 20 
4950 106 
4951 12 
4952 28 
4953 31 
4954 216 
4955 47 
4956 75 
4957 7 
4958 18 
4959 70 
4960 51 
4961 154 
4962 41 
4963 53 
4964 18 
4965 73 
4966 12 
4967 7 
4968 44 
4969 60 
4970 330 
4971 57 
4972 38 
4973 1 
4974 16 
4975 125 
4976 11 
4977 6 
4978 20 
4979 18 
4980 129 
4981 1 
4982 86 
4983 44 
4984 12 
4985 33 
4986 66 
4987 6 
4988 105 
4989 5 
4990 6 
4991 70 
4992 41 
4993 18 
4994 18 
4995 54 
4996 12 
4997 65 
4998 44 
4999 109 
5000 47 
5001 35 
5002 61 
5003 52 
5004 18 
5005 20 
5006 18 
5007 201 
5008 121 
5009 4 
5010 37 
5011 20 
5012 5 
5013 18 
5014 10 
5015 8 
5016 20 
5017 89 
5018 20 
5019 52 
5020 125 
5021 7 
5022 18 
5023 41 
5024 41 
5025 113 
5026 18 
5027 62 
5028 5 
5029 31 
5030 24 
5031 579 
5032 9 
5033 44 
5034 61 
5035 66 
5036 41 
5037 71 
5038 22 
5039 45 
5040 63 
5041 65 
5042 18 
5043 49 
5044 6 
5045 2 
5046 6 
5047 17 
5048 22 
5049 10 
5050 10 
5051 18 
5052 14 
5053 80 
5054 92 
5055 41 
5056 54 
5057 363 
5058 20 
5059 44 
5060 19 
5061 29 
5062 102 
5063 29 
5064 53 
5065 4 
5066 55 
5067 10 
5068 6 
5069 36 
5070 58 
5071 1 
5072 82 
5073 116 
5074 33 
5075 18 
5076 44 
5077 168 
5078 39 
5079 33 
5080 3 
5081 46 
5082 33 
5083 24 
5084 43 
5085 64 
5086 2 
5087 41 
5088 99 
5089 10 
5090 48 
5091 61 
5092 28 
5093 42 
5094 50 
5095 16 
5096 93 
5097 33 
5098 82 
5099 50 
5100 18 
5101 36 
5102 21 
5103 9 
5104 9 
5105 6 
5106 8 
5107 25 
5108 5 
5109 10 
5110 45 
5111 18 
5112 8 
5113 73 
5114 25 
5115 95 
5116 51 
5117 4 
5118 10 
5119 16 
5120 8 
5121 178 
5122 16 
5123 15 
5124 21 
5125 33 
5126 48 
5127 20 
5128 4 
5129 3 
5130 32 
5131 42 
5132 272 
5133 2 
5134 25 
5135 64 
5136 5 
5137 9 
5138 4 
5139 18 
5140 88 
5141 124 
5142 118 
5143 4 
5144 8 
5145 18 
5146 130 
5147 98 
5148 52 
5149 20 
5150 8 
5151 18 
5152 58 
5153 6 
5154 20 
5155 45 
5156 15 
5157 3 
5158 35 
5159 6 
5160 165 
5161 111 
5162 36 
5163 39 
5164 41 
5165 62 
5166 106 
5167 162 
5168 130 
5169 6 
5170 121 
5171 13 
5172 45 
5173 18 
5174 18 
5175 61 
5176 55 
5177 11 
5178 73 
5179 44 
5180 96 
5181 6 
5182 60 
5183 10 
5184 29 
5185 15 
5186 13 
5187 95 
5188 40 
5189 17 
5190 120 
5191 9 
5192 18 
5193 20 
5194 20 
5195 2 
5196 352 
5197 88 
5198 39 
5199 73 
5200 16 
5201 78 
5202 9 
5203 33 
5204 107 
5205 18 
5206 9 
5207 18 
5208 6 
5209 75 
5210 59 
5211 79 
5212 36 
5213 42 
5214 127 
5215 18 
5216 5 
5217 40 
5218 103 
5219 18 
5220 78 
5221 6 
5222 34 
5223 15 
5224 80 
5225 363 
5226 38 
5227 5 
5228 266 
5229 9 
5230 18 
5231 59 
5232 44 
5233 141 
5234 182 
5235 35 
5236 93 
5237 15 
5238 60 
5239 64 
5240 10 
5241 10 
5242 6 
5243 20 
5244 87 
5245 2 
5246 41 
5247 87 
5248 6 
5249 15 
5250 113 
5251 99 
5252 76 
5253 28 
5254 104 
5255 263 
5256 46 
5257 4 
5258 18 
5259 8 
5260 3 
5261 58 
5262 2 
5263 9 
5264 10 
5265 2 
5266 111 
5267 263 
5268 111 
5269 101 
5270 85 
5271 16 
5272 20 
5273 36 
5274 20 
5275 80 
5276 18 
5277 76 
5278 9 
5279 6 
5280 23 
5281 94 
5282 2 
5283 3 
5284 73 
5285 105 
5286 110 
5287 44 
5288 1 
5289 57 
5290 8 
5291 29 
5292 20 
5293 51 
5294 43 
5295 75 
5296 5 
5297 41 
5298 44 
5299 18 
5300 178 
5301 47 
5302 54 
5303 52 
5304 16 
5305 58 
5306 12 
5307 64 
5308 8 
5309 18 
5310 20 
5311 4 
5312 6 
5313 18 
5314 6 
5315 20 
5316 46 
5317 52 
5318 5 
5319 22 
5320 27 
5321 125 
5322 90 
5323 18 
5324 36 
5325 20 
5326 258 
5327 34 
5328 3 
5329 8 
5330 67 
5331 51 
5332 10 
5333 18 
5334 73 
5335 58 
5336 114 
5337 18 
5338 29 
5339 57 
5340 191 
5341 2 
5342 39 
5343 2 
5344 80 
5345 15 
5346 45 
5347 9 
5348 127 
5349 79 
5350 4 
5351 35 
5352 230 
5353 18 
5354 18 
5355 46 
5356 47 
5357 23 
5358 57 
5359 53 
5360 36 
5361 18 
5362 576 
5363 39 
5364 45 
5365 40 
5366 48 
5367 46 
5368 6 
5369 119 
5370 51 
5371 44 
5372 40 
5373 15 
5374 18 
5375 28 
5376 73 
5377 18 
5378 20 
5379 10 
5380 35 
5381 10 
5382 20 
5383 173 
5384 18 
5385 46 
5386 4 
5387 6 
5388 1 
5389 60 
5390 51 
5391 1 
5392 4 
5393 75 
5394 39 
5395 12 
5396 29 
5397 18 
5398 43 
5399 95 
5400 64 
5401 103 
5402 44 
5403 52 
5404 4 
5405 18 
5406 129 
5407 97 
5408 18 
5409 20 
5410 111 
5411 151 
5412 64 
5413 29 
5414 9 
5415 7 
5416 18 
5417 34 
5418 1 
5419 4 
5420 47 
5421 18 
5422 85 
5423 145 
5424 11 
5425 18 
5426 96 
5427 20 
5428 48 
5429 33 
5430 40 
5431 58 
5432 60 
5433 30 
5434 18 
5435 10 
5436 60 
5437 41 
5438 18 
5439 68 
5440 20 
5441 18 
5442 16 
5443 41 
5444 29 
5445 17 
5446 46 
5447 4 
5448 43 
5449 61 
5450 7 
5451 23 
5452 9 
5453 6 
5454 396 
5455 23 
5456 10 
5457 40 
5458 8 
5459 92 
5460 18 
5461 1 
5462 112 
5463 46 
5464 103 
5465 39 
5466 205 
5467 45 
5468 3 
5469 18 
5470 4 
5471 6 
5472 17 
5473 41 
5474 18 
5475 73 
5476 38 
5477 18 
5478 108 
5479 6 
5480 518 
5481 96 
5482 6 
5483 14 
5484 115 
5485 20 
5486 90 
5487 52 
5488 20 
5489 22 
5490 8 
5491 79 
5492 20 
5493 42 
5494 12 
5495 18 
5496 20 
5497 2 
5498 41 
5499 396 
5500 11 
5501 101 
5502 18 
5503 168 
5504 115 
5505 18 
5506 59 
5507 3 
5508 18 
5509 78 
5510 84 
5511 20 
5512 20 
5513 20 
5514 293 
5515 57 
5516 29 
5517 64 
5518 20 
5519 66 
5520 44 
5521 75 
5522 4 
5523 118 
5524 105 
5525 99 
5526 5 
5527 39 
5528 46 
5529 18 
5530 123 
5531 110 
5532 199 
5533 10 
5534 145 
5535 100 
5536 20 
5537 6 
5538 5 
5539 105 
5540 18 
5541 41 
5542 20 
5543 42 
5544 9 
5545 58 
5546 34 
5547 7 
5548 272 
5549 145 
5550 40 
5551 103 
5552 10 
5553 141 
5554 29 
5555 41 
5556 57 
5557 18 
5558 89 
5559 20 
5560 115 
5561 270 
5562 18 
5563 18 
5564 94 
5565 36 
5566 44 
5567 46 
5568 18 
5569 48 
5570 40 
5571 62 
5572 57 
5573 1 
5574 23 
5575 49 
5576 19 
5577 1 
5578 101 
5579 20 
5580 6 
5581 90 
5582 12 
5583 102 
5584 36 
5585 45 
5586 4 
5587 44 
5588 40 
5589 12 
5590 89 
5591 78 
5592 10 
5593 18 
5594 76 
5595 151 
5596 86 
5597 50 
5598 18 
5599 3 
5600 141 
5601 4 
5602 14 
5603 106 
5604 47 
5605 43 
5606 49 
5607 256 
5608 51 
5609 57 
5610 36 
5611 117 
5612 16 
5613 25 
5614 48 
5615 65 
5616 82 
5617 106 
5618 154 
5619 33 
5620 34 
5621 101 
5622 18 
5623 5 
5624 9 
5625 45 
5626 5 
5627 48 
5628 20 
5629 4 
5630 33 
5631 38 
5632 6 
5633 29 
5634 90 
5635 37 
5636 23 
5637 4 
5638 59 
5639 9 
5640 4 
5641 45 
5642 55 
5643 18 
5644 24 
5645 124 
5646 159 
5647 68 
5648 10 
5649 44 
5650 99 
5651 18 
5652 13 
5653 4 
5654 46 
5655 25 
5656 18 
5657 12 
5658 26 
5659 2 
5660 29 
5661 102 
5662 13 
5663 10 
5664 2 
5665 18 
5666 63 
5667 18 
5668 18 
5669 218 
5670 98 
5671 73 
5672 151 
5673 18 
5674 73 
5675 20 
5676 6 
5677 59 
5678 33 
5679 32 
5680 99 
5681 18 
5682 29 
5683 10 
5684 25 
5685 29 
5686 6 
5687 84 
5688 9 
5689 48 
5690 5 
5691 20 
5692 117 
5693 13 
5694 113 
5695 5 
5696 16 
5697 4 
5698 49 
5699 121 
5700 24 
5701 46 
5702 127 
5703 58 
5704 74 
5705 130 
5706 2 
5707 18 
5708 122 
5709 13 
5710 18 
5711 18 
5712 58 
5713 17 
5714 14 
5715 53 
5716 37 
5717 46 
5718 2 
5719 133 
5720 36 
5721 18 
5722 10 
5723 19 
5724 5 
5725 29 
5726 36 
5727 9 
5728 20 
5729 18 
5730 4 
5731 20 
5732 168 
5733 9 
5734 49 
5735 28 
5736 48 
5737 237 
5738 46 
5739 39 
5740 22 
5741 83 
5742 46 
5743 58 
5744 105 
5745 178 
5746 26 
5747 18 
5748 19 
5749 83 
5750 1 
5751 45 
5752 18 
5753 20 
5754 9 
5755 395 
5756 1 
5757 39 
5758 88 
5759 73 
5760 18 
5761 12 
5762 1 
5763 20 
5764 9 
5765 25 
5766 20 
5767 14 
5768 10 
5769 58 
5770 121 
5771 36 
5772 89 
5773 44 
5774 12 
5775 18 
5776 13 
5777 9 
5778 18 
5779 102 
5780 20 
5781 101 
5782 54 
5783 10 
5784 18 
5785 33 
5786 85 
5787 1 
5788 12 
5789 18 
5790 47 
5791 5 
5792 9 
5793 6 
5794 45 
5795 105 
5796 173 
5797 42 
5798 18 
5799 218 
5800 18 
5801 33 
5802 45 
5803 223 
5804 103 
5805 36 
5806 50 
5807 20 
5808 75 
5809 7 
5810 61 
5811 14 
5812 33 
5813 87 
5814 124 
5815 17 
5816 99 
5817 24 
5818 20 
5819 210 
5820 39 
5821 15 
5822 18 
5823 14 
5824 33 
5825 42 
5826 73 
5827 234 
5828 23 
5829 21 
5830 50 
5831 28 
5832 1 
5833 6 
5834 96 
5835 70 
5836 6 
5837 46 
5838 49 
5839 55 
5840 45 
5841 127 
5842 1 
5843 6 
5844 20 
5845 37 
5846 83 
5847 2 
5848 18 
5849 20 
5850 237 
5851 37 
5852 33 
5853 272 
5854 61 
5855 29 
5856 77 
5857 40 
5858 133 
5859 1 
5860 2 
5861 16 
5862 98 
5863 17 
5864 18 
5865 5 
5866 58 
5867 83 
5868 28 
5869 5 
5870 99 
5871 4 
5872 10 
5873 58 
5874 6 
5875 8 
5876 3 
5877 49 
5878 29 
5879 9 
5880 51 
5881 91 
5882 6 
5883 28 
5884 84 
5885 126 
5886 125 
5887 17 
5888 40 
5889 26 
5890 60 
5891 87 
5892 10 
5893 20 
5894 13 
5895 39 
5896 39 
5897 75 
5898 94 
5899 61 
5900 47 
5901 10 
5902 58 
5903 18 
5904 61 
5905 39 
5906 59 
5907 62 
5908 95 
5909 1 
5910 18 
5911 18 
5912 44 
5913 429 
5914 70 
5915 17 
5916 10 
5917 141 
5918 20 
5919 20 
5920 171 
5921 81 
5922 17 
5923 96 
5924 51 
5925 3 
5926 106 
5927 6 
5928 20 
5929 39 
5930 20 
5931 12 
5932 9 
5933 62 
5934 12 
5935 5 
5936 111 
5937 36 
5938 98 
5939 29 
5940 117 
5941 13 
5942 90 
5943 18 
5944 54 
5945 79 
5946 20 
5947 6 
5948 10 
5949 116 
5950 57 
5951 100 
5952 18 
5953 10 
5954 4 
5955 94 
5956 23 
5957 33 
5958 99 
5959 6 
5960 69 
5961 51 
5962 45 
5963 18 
5964 36 
5965 14 
5966 10 
5967 59 
5968 194 
5969 10 
5970 58 
5971 9 
5972 6 
5973 48 
5974 60 
5975 36 
5976 48 
5977 18 
5978 6 
5979 57 
5980 84 
5981 119 
5982 18 
5983 141 
5984 114 
5985 192 
5986 7 
5987 20 
5988 104 
5989 20 
5990 27 
5991 49 
5992 10 
5993 57 
5994 20 
5995 6 
5996 25 
5997 248 
5998 105 
5999 250 
6000 56 
6001 174 
6002 175 
6003 50 
6004 55 
6005 41 
6006 58 
6007 62 
6008 20 
6009 184 
6010 48 
6011 47 
6012 30 
6013 46 
6014 2 
6015 96 
6016 18 
6017 39 
6018 149 
6019 9 
6020 40 
6021 49 
6022 18 
6023 60 
6024 18 
6025 18 
6026 263 
6027 363 
6028 10 
6029 4 
6030 9 
6031 13 
6032 18 
6033 9 
6034 102 
6035 1 
6036 45 
6037 50 
6038 37 
6039 79 
6040 128 
6041 27 
6042 18 
6043 2 
6044 3 
6045 18 
6046 30 
6047 85 
6048 16 
6049 20 
6050 41 
6051 78 
6052 139 
6053 46 
6054 98 
6055 71 
6056 82 
6057 18 
6058 2 
6059 178 
6060 18 
6061 5 
6062 106 
6063 20 
6064 7 
6065 28 
6066 48 
6067 90 
6068 18 
6069 52 
6070 34 
6071 20 
6072 44 
6073 20 
6074 18 
6075 18 
6076 17 
6077 20 
6078 130 
6079 11 
6080 20 
6081 29 
6082 18 
6083 42 
6084 28 
6085 236 
6086 50 
6087 33 
6088 25 
6089 52 
6090 18 
6091 34 
6092 18 
6093 25 
6094 9 
6095 114 
6096 47 
6097 45 
6098 25 
6099 126 
6100 7 
6101 79 
6102 81 
6103 13 
6104 6 
6105 119 
6106 20 
6107 95 
6108 1 
6109 18 
6110 10 
6111 18 
6112 7 
6113 20 
6114 33 
6115 199 
6116 52 
6117 119 
6118 82 
6119 52 
6120 58 
6121 29 
6122 36 
6123 121 
6124 123 
6125 18 
6126 20 
6127 102 
6128 84 
6129 29 
6130 20 
6131 16 
6132 5 
6133 18 
6134 102 
6135 352 
6136 98 
6137 64 
6138 125 
6139 51 
6140 58 
6141 13 
6142 63 
6143 39 
6144 58 
6145 59 
6146 40 
6147 2 
6148 1 
6149 65 
6150 45 
6151 36 
6152 18 
6153 39 
6154 35 
6155 5 
6156 10 
6157 105 
6158 18 
6159 39 
6160 27 
6161 2 
6162 50 
6163 19 
6164 6 
6165 1 
6166 20 
6167 18 
6168 50 
6169 3 
6170 10 
6171 67 
6172 97 
6173 121 
6174 18 
6175 28 
6176 51 
6177 33 
6178 11 
6179 20 
6180 10 
6181 18 
6182 60 
6183 47 
6184 46 
6185 63 
6186 45 
6187 41 
6188 20 
6189 35 
6190 60 
6191 1 
6192 51 
6193 18 
6194 110 
6195 121 
6196 9 
6197 20 
6198 115 
6199 18 
6200 67 
6201 20 
6202 60 
6203 97 
6204 97 
6205 10 
6206 57 
6207 52 
6208 10 
6209 73 
6210 38 
6211 60 
6212 39 
6213 18 
6214 18 
6215 41 
6216 127 
6217 88 
6218 8 
6219 34 
6220 43 
6221 6 
6222 35 
6223 5 
6224 18 
6225 56 
6226 29 
6227 52 
6228 144 
6229 107 
6230 10 
6231 20 
6232 93 
6233 3 
6234 85 
6235 18 
6236 58 
6237 61 
6238 87 
6239 187 
6240 42 
6241 20 
6242 10 
6243 101 
6244 105 
6245 89 
6246 6 
6247 141 
6248 10 
6249 155 
6250 19 
6251 18 
6252 51 
6253 9 
6254 46 
6255 20 
6256 9 
6257 42 
6258 86 
6259 75 
6260 101 
6261 12 
6262 50 
6263 133 
6264 105 
6265 69 
6266 1 
6267 6 
6268 152 
6269 41 
6270 145 
6271 108 
6272 5 
6273 58 
6274 137 
6275 64 
6276 6 
6277 98 
6278 41 
6279 56 
6280 7 
6281 125 
6282 57 
6283 18 
6284 18 
6285 101 
6286 12 
6287 57 
6288 4 
6289 12 
6290 98 
6291 18 
6292 20 
6293 38 
6294 106 
6295 10 
6296 6 
6297 18 
6298 110 
6299 29 
6300 16 
6301 18 
6302 41 
6303 10 
6304 73 
6305 18 
6306 106 
6307 33 
6308 36 
6309 20 
6310 379 
6311 10 
6312 56 
6313 43 
6314 39 
6315 91 
6316 121 
6317 4 
6318 23 
6319 18 
6320 73 
6321 18 
6322 48 
6323 46 
6324 19 
6325 58 
6326 15 
6327 17 
6328 77 
6329 54 
6330 121 
6331 7 
6332 40 
6333 20 
6334 48 
6335 22 
6336 57 
6337 38 
6338 229 
6339 18 
6340 4 
6341 18 
6342 44 
6343 58 
6344 75 
6345 18 
6346 47 
6347 18 
6348 263 
6349 579 
6350 51 
6351 2 
6352 66 
6353 40 
6354 18 
6355 4 
6356 55 
6357 48 
6358 58 
6359 71 
6360 40 
6361 28 
6362 73 
6363 18 
6364 8 
6365 45 
6366 70 
6367 8 
6368 31 
6369 11 
6370 20 
6371 11 
6372 20 
6373 32 
6374 99 
6375 73 
6376 7 
6377 18 
6378 73 
6379 55 
6380 20 
6381 66 
6382 6 
6383 57 
6384 47 
6385 15 
6386 18 
6387 40 
6388 110 
6389 18 
6390 10 
6391 151 
6392 135 
6393 140 
6394 96 
6395 44 
6396 12 
6397 134 
6398 46 
6399 18 
6400 32 
6401 42 
6402 264 
6403 17 
6404 18 
6405 263 
6406 85 
6407 118 
6408 6 
6409 74 
6410 70 
6411 1 
6412 17 
6413 14 
6414 63 
6415 168 
6416 20 
6417 13 
6418 56 
6419 92 
6420 58 
6421 2 
6422 35 
6423 28 
6424 18 
6425 45 
6426 351 
6427 18 
6428 18 
6429 63 
6430 53 
6431 10 
6432 16 
6433 64 
6434 141 
6435 31 
6436 20 
6437 9 
6438 4 
6439 45 
6440 4 
6441 109 
6442 18 
6443 203 
6444 47 
6445 12 
6446 18 
6447 7 
6448 41 
6449 106 
6450 18 
6451 40 
6452 15 
6453 58 
6454 111 
6455 19 
6456 20 
6457 162 
6458 57 
6459 6 
6460 6 
6461 46 
6462 111 
6463 18 
6464 41 
6465 52 
6466 105 
6467 18 
6468 18 
6469 20 
6470 3 
6471 70 
6472 18 
6473 93 
6474 135 
6475 88 
6476 70 
6477 64 
6478 50 
6479 20 
6480 105 
6481 4 
6482 17 
6483 18 
6484 4 
6485 39 
6486 20 
6487 106 
6488 15 
6489 43 
6490 101 
6491 98 
6492 64 
6493 117 
6494 4 
6495 39 
6496 22 
6497 75 
6498 44 
6499 151 
6500 106 
6501 15 
6502 191 
6503 98 
6504 6 
6505 96 
6506 18 
6507 45 
6508 20 
6509 18 
6510 9 
6511 102 
6512 188 
6513 5 
6514 20 
6515 9 
6516 101 
6517 6 
6518 60 
6519 143 
6520 57 
6521 47 
6522 9 
6523 145 
6524 20 
6525 12 
6526 110 
6527 44 
6528 18 
6529 38 
6530 128 
6531 9 
6532 9 
6533 99 
6534 74 
6535 21 
6536 37 
6537 20 
6538 69 
6539 12 
6540 18 
6541 18 
6542 105 
6543 9 
6544 6 
6545 6 
6546 78 
6547 13 
6548 98 
6549 20 
6550 9 
6551 23 
6552 14 
6553 35 
6554 4 
6555 5 
6556 29 
6557 9 
6558 21 
6559 60 
6560 30 
6561 10 
6562 18 
6563 134 
6564 17 
6565 36 
6566 56 
6567 18 
6568 45 
6569 100 
6570 91 
6571 2 
6572 57 
6573 5 
6574 55 
6575 20 
6576 20 
6577 119 
6578 78 
6579 3 
6580 82 
6581 149 
6582 41 
6583 130 
6584 39 
6585 54 
6586 18 
6587 18 
6588 83 
6589 42 
6590 107 
6591 92 
6592 44 
6593 18 
6594 44 
6595 18 
6596 71 
6597 8 
6598 39 
6599 18 
6600 4 
6601 4 
6602 10 
6603 13 
6604 90 
6605 10 
6606 90 
6607 8 
6608 379 
6609 59 
6610 36 
6611 12 
6612 18 
6613 58 
6614 20 
6615 9 
6616 28 
6617 65 
6618 106 
6619 13 
6620 56 
6621 6 
6622 57 
6623 38 
6624 44 
6625 18 
6626 58 
6627 28 
6628 8 
6629 18 
6630 141 
6631 100 
6632 26 
6633 22 
6634 18 
6635 18 
6636 4 
6637 45 
6638 108 
6639 101 
6640 52 
6641 18 
6642 10 
6643 98 
6644 60 
6645 75 
6646 7 
6647 39 
6648 18 
6649 42 
6650 5 
6651 1 
6652 17 
6653 20 
6654 4 
6655 18 
6656 85 
6657 18 
6658 80 
6659 111 
6660 44 
6661 41 
6662 46 
6663 25 
6664 3 
6665 97 
6666 26 
6667 36 
6668 14 
6669 50 
6670 92 
6671 16 
6672 18 
6673 81 
6674 41 
6675 101 
6676 112 
6677 95 
6678 33 
6679 64 
6680 6 
6681 40 
6682 62 
6683 17 
6684 6 
6685 102 
6686 6 
6687 9 
6688 16 
6689 18 
6690 48 
6691 20 
6692 20 
6693 32 
6694 2 
6695 8 
6696 56 
6697 18 
6698 33 
6699 12 
6700 18 
6701 20 
6702 40 
6703 11 
6704 14 
6705 4 
6706 13 
6707 41 
6708 2 
6709 42 
6710 73 
6711 106 
6712 46 
6713 9 
6714 18 
6715 37 
6716 47 
6717 45 
6718 149 
6719 41 
6720 38 
6721 30 
6722 111 
6723 3 
6724 41 
6725 9 
6726 15 
6727 141 
6728 10 
6729 6 
6730 309 
6731 39 
6732 20 
6733 15 
6734 38 
6735 83 
6736 18 
6737 216 
6738 82 
6739 30 
6740 20 
6741 20 
6742 9 
6743 18 
6744 202 
6745 14 
6746 39 
6747 2 
6748 10 
6749 60 
6750 46 
6751 45 
6752 49 
6753 18 
6754 10 
6755 16 
6756 122 
6757 21 
6758 99 
6759 60 
6760 61 
6761 29 
6762 18 
6763 101 
6764 10 
6765 21 
6766 56 
6767 261 
6768 44 
6769 10 
6770 53 
6771 108 
6772 40 
6773 98 
6774 10 
6775 8 
6776 45 
6777 36 
6778 6 
6779 101 
6780 52 
6781 12 
6782 73 
6783 51 
6784 45 
6785 18 
6786 8 
6787 20 
6788 101 
6789 99 
6790 79 
6791 45 
6792 28 
6793 41 
6794 6 
6795 29 
6796 30 
6797 57 
6798 110 
6799 39 
6800 133 
6801 18 
6802 51 
6803 37 
6804 428 
6805 41 
6806 32 
6807 20 
6808 87 
6809 118 
6810 58 
6811 140 
6812 9 
6813 18 
6814 9 
6815 94 
6816 40 
6817 20 
6818 112 
6819 99 
6820 37 
6821 18 
6822 34 
6823 51 
6824 121 
6825 13 
6826 22 
6827 6 
6828 18 
6829 60 
6830 9 
6831 60 
6832 18 
6833 18 
6834 18 
6835 25 
6836 18 
6837 6 
6838 55 
6839 10 
6840 169 
6841 41 
6842 18 
6843 78 
6844 39 
6845 71 
6846 6 
6847 69 
6848 33 
6849 223 
6850 2 
6851 18 
6852 41 
6853 7 
6854 63 
6855 9 
6856 82 
6857 3 
6858 18 
6859 45 
6860 44 
6861 16 
6862 13 
6863 60 
6864 2 
6865 64 
6866 191 
6867 577 
6868 70 
6869 144 
6870 4 
6871 45 
6872 20 
6873 20 
6874 64 
6875 10 
6876 18 
6877 18 
6878 10 
6879 47 
6880 140 
6881 12 
6882 7 
6883 63 
6884 44 
6885 131 
6886 178 
6887 4 
6888 18 
6889 39 
6890 80 
6891 15 
6892 5 
6893 101 
6894 45 
6895 38 
6896 130 
6897 39 
6898 18 
6899 6 
6900 89 
6901 101 
6902 10 
6903 31 
6904 23 
6905 48 
6906 1 
6907 7 
6908 47 
6909 23 
6910 64 
6911 10 
6912 15 
6913 6 
6914 18 
6915 51 
6916 105 
6917 75 
6918 58 
6919 31 
6920 57 
6921 18 
6922 149 
6923 6 
6924 11 
6925 75 
6926 36 
6927 49 
6928 18 
6929 1 
6930 114 
6931 39 
6932 1 
6933 179 
6934 41 
6935 18 
6936 44 
6937 1 
6938 10 
6939 8 
6940 75 
6941 20 
6942 3 
6943 19 
6944 6 
6945 6 
6946 33 
6947 58 
6948 127 
6949 18 
6950 9 
6951 45 
6952 134 
6953 16 
6954 18 
6955 34 
6956 72 
6957 18 
6958 46 
6959 6 
6960 3 
6961 18 
6962 58 
6963 45 
6964 248 
6965 39 
6966 10 
6967 118 
6968 20 
6969 429 
6970 37 
6971 25 
6972 56 
6973 18 
6974 57 
6975 159 
6976 17 
6977 53 
6978 79 
6979 39 
6980 13 
6981 25 
6982 20 
6983 44 
6984 121 
6985 60 
6986 111 
6987 6 
6988 89 
6989 27 
6990 93 
6991 46 
6992 45 
6993 110 
6994 29 
6995 39 
6996 20 
6997 178 
6998 10 
6999 32 
7000 6 
7001 41 
7002 18 
7003 51 
7004 38 
7005 122 
7006 18 
7007 130 
7008 5 
7009 10 
7010 234 
7011 49 
7012 111 
7013 13 
7014 4 
7015 3 
7016 110 
7017 9 
7018 73 
7019 2 
7020 178 
7021 20 
7022 50 
7023 37 
7024 118 
7025 18 
7026 75 
7027 24 
7028 12 
7029 2 
7030 58 
7031 100 
7032 2 
7033 5 
7034 18 
7035 106 
7036 53 
7037 20 
7038 47 
7039 12 
7040 9 
7041 23 
7042 61 
7043 579 
7044 114 
7045 45 
7046 184 
7047 25 
7048 33 
7049 20 
7050 45 
7051 6 
7052 43 
7053 10 
7054 84 
7055 214 
7056 41 
7057 52 
7058 73 
7059 10 
7060 57 
7061 9 
7062 18 
7063 90 
7064 1 
7065 26 
7066 38 
7067 56 
7068 4 
7069 18 
7070 20 
7071 58 
7072 50 
7073 33 
7074 99 
7075 51 
7076 221 
7077 91 
7078 58 
7079 25 
7080 6 
7081 5 
7082 110 
7083 30 
7084 37 
7085 99 
7086 78 
7087 6 
7088 6 
7089 101 
7090 88 
7091 82 
7092 110 
7093 58 
7094 45 
7095 18 
7096 168 
7097 47 
7098 18 
7099 20 
7100 192 
7101 10 
7102 45 
7103 99 
7104 41 
7105 143 
7106 4 
7107 10 
7108 79 
7109 14 
7110 1 
7111 116 
7112 101 
7113 113 
7114 28 
7115 10 
7116 117 
7117 115 
7118 18 
7119 173 
7120 118 
7121 14 
7122 38 
7123 6 
7124 58 
7125 117 
7126 85 
7127 18 
7128 6 
7129 248 
7130 6 
7131 73 
7132 8 
7133 101 
7134 30 
7135 51 
7136 82 
7137 41 
7138 22 
7139 140 
7140 53 
7141 52 
7142 8 
7143 100 
7144 87 
7145 96 
7146 20 
7147 108 
7148 58 
7149 48 
7150 35 
7151 59 
7152 10 
7153 4 
7154 6 
7155 81 
7156 119 
7157 122 
7158 48 
7159 38 
7160 28 
7161 46 
7162 25 
7163 101 
7164 122 
7165 20 
7166 99 
7167 32 
7168 15 
7169 1 
7170 123 
7171 16 
7172 10 
7173 9 
7174 143 
7175 46 
7176 44 
7177 12 
7178 6 
7179 18 
7180 73 
7181 15 
7182 18 
7183 20 
7184 61 
7185 18 
7186 109 
7187 18 
7188 18 
7189 6 
7190 64 
7191 72 
7192 40 
7193 10 
7194 9 
7195 23 
7196 8 
7197 101 
7198 20 
7199 47 
7200 20 
7201 45 
7202 20 
7203 4 
7204 16 
7205 13 
7206 94 
7207 6 
7208 33 
7209 1 
7210 96 
7211 115 
7212 18 
7213 10 
7214 64 
7215 20 
7216 20 
7217 18 
7218 39 
7219 8 
7220 71 
7221 51 
7222 234 
7223 2 
7224 52 
7225 5 
7226 26 
7227 56 
7228 1 
7229 80 
7230 172 
7231 44 
7232 120 
7233 43 
7234 31 
7235 6 
7236 87 
7237 20 
7238 18 
7239 68 
7240 10 
7241 84 
7242 87 
7243 18 
7244 104 
7245 28 
7246 10 
7247 39 
7248 18 
7249 18 
7250 12 
7251 7 
7252 23 
7253 315 
7254 3 
7255 18 
7256 82 
7257 217 
7258 98 
7259 79 
7260 27 
7261 59 
7262 48 
7263 37 
7264 82 
7265 6 
7266 3 
7267 28 
7268 159 
7269 48 
7270 43 
7271 72 
7272 6 
7273 38 
7274 9 
7275 6 
7276 41 
7277 18 
7278 10 
7279 102 
7280 18 
7281 50 
7282 41 
7283 9 
7284 1 
7285 8 
7286 57 
7287 20 
7288 18 
7289 9 
7290 17 
7291 8 
7292 9 
7293 48 
7294 17 
7295 76 
7296 53 
7297 17 
7298 63 
7299 45 
7300 63 
7301 16 
7302 173 
7303 20 
7304 11 
7305 11 
7306 62 
7307 85 
7308 2 
7309 140 
7310 18 
7311 39 
7312 114 
7313 4 
7314 41 
7315 29 
7316 108 
7317 113 
7318 58 
7319 312 
7320 18 
7321 206 
7322 4 
7323 22 
7324 98 
7325 61 
7326 214 
7327 4 
7328 52 
7329 28 
7330 41 
7331 60 
7332 6 
7333 57 
7334 110 
7335 41 
7336 18 
7337 41 
7338 8 
7339 45 
7340 20 
7341 18 
7342 218 
7343 4 
7344 9 
7345 18 
7346 51 
7347 43 
7348 18 
7349 60 
7350 125 
7351 32 
7352 79 
7353 2 
7354 29 
7355 56 
7356 6 
7357 20 
7358 2 
7359 20 
7360 45 
7361 133 
7362 124 
7363 43 
7364 5 
7365 39 
7366 45 
7367 18 
7368 38 
7369 191 
7370 112 
7371 210 
7372 39 
7373 4 
7374 80 
7375 1 
7376 126 
7377 45 
7378 61 
7379 20 
7380 14 
7381 6 
7382 36 
7383 51 
7384 92 
7385 114 
7386 8 
7387 26 
7388 73 
7389 29 
7390 92 
7391 18 
7392 179 
7393 18 
7394 18 
7395 46 
7396 18 
7397 33 
7398 40 
7399 15 
7400 5 
7401 9 
7402 18 
7403 55 
7404 20 
7405 51 
7406 7 
7407 37 
7408 18 
7409 18 
7410 85 
7411 44 
7412 33 
7413 39 
7414 25 
7415 20 
7416 90 
7417 108 
7418 4 
7419 111 
7420 18 
7421 18 
7422 57 
7423 18 
7424 52 
7425 22 
7426 40 
7427 45 
7428 50 
7429 18 
7430 93 
7431 18 
7432 4 
7433 121 
7434 36 
7435 79 
7436 80 
7437 7 
7438 76 
7439 36 
7440 41 
7441 18 
7442 51 
7443 55 
7444 6 
7445 29 
7446 39 
7447 10 
7448 172 
7449 41 
7450 40 
7451 363 
7452 10 
7453 18 
7454 18 
7455 2 
7456 29 
7457 20 
7458 58 
7459 37 
7460 18 
7461 141 
7462 18 
7463 60 
7464 54 
7465 18 
7466 98 
7467 13 
7468 3 
7469 15 
7470 28 
7471 147 
7472 18 
7473 109 
7474 206 
7475 5 
7476 106 
7477 33 
7478 6 
7479 20 
7480 18 
7481 45 
7482 18 
7483 4 
7484 125 
7485 102 
7486 106 
7487 6 
7488 99 
7489 18 
7490 35 
7491 379 
7492 6 
7493 9 
7494 18 
7495 76 
7496 27 
7497 75 
7498 111 
7499 100 
7500 9 
7501 37 
7502 42 
7503 20 
7504 20 
7505 10 
7506 34 
7507 7 
7508 63 
7509 38 
7510 29 
7511 56 
7512 16 
7513 9 
7514 23 
7515 41 
7516 36 
7517 18 
7518 227 
7519 6 
7520 20 
7521 24 
7522 12 
7523 20 
7524 70 
7525 36 
7526 6 
7527 33 
7528 9 
7529 40 
7530 11 
7531 40 
7532 168 
7533 30 
7534 58 
7535 13 
7536 73 
7537 3 
7538 38 
7539 10 
7540 18 
7541 63 
7542 52 
7543 44 
7544 2 
7545 89 
7546 7 
7547 45 
7548 18 
7549 18 
7550 68 
7551 55 
7552 3 
7553 12 
7554 25 
7555 23 
7556 18 
7557 44 
7558 128 
7559 18 
7560 57 
7561 25 
7562 12 
7563 7 
7564 8 
7565 18 
7566 8 
7567 68 
7568 15 
7569 33 
7570 57 
7571 47 
7572 39 
7573 145 
7574 67 
7575 6 
7576 2 
7577 90 
7578 46 
7579 61 
7580 10 
7581 44 
7582 4 
7583 29 
7584 43 
7585 39 
7586 10 
7587 2 
7588 18 
7589 10 
7590 15 
7591 109 
7592 4 
7593 29 
7594 18 
7595 51 
7596 35 
7597 106 
7598 141 
7599 17 
7600 429 
7601 6 
7602 18 
7603 83 
7604 18 
7605 39 
7606 50 
7607 44 
7608 27 
7609 6 
7610 2 
7611 57 
7612 22 
7613 173 
7614 18 
7615 50 
7616 30 
7617 47 
7618 51 
7619 7 
7620 149 
7621 99 
7622 41 
7623 44 
7624 41 
7625 101 
7626 18 
7627 24 
7628 17 
7629 18 
7630 18 
7631 22 
7632 9 
7633 10 
7634 18 
7635 7 
7636 15 
7637 97 
7638 53 
7639 48 
7640 18 
7641 57 
7642 105 
7643 1 
7644 3 
7645 9 
7646 18 
7647 122 
7648 18 
7649 128 
7650 65 
7651 263 
7652 28 
7653 61 
7654 105 
7655 20 
7656 14 
7657 44 
7658 20 
7659 29 
7660 20 
7661 46 
7662 32 
7663 12 
7664 18 
7665 18 
7666 112 
7667 36 
7668 18 
7669 80 
7670 41 
7671 46 
7672 22 
7673 41 
7674 7 
7675 102 
7676 109 
7677 110 
7678 45 
7679 118 
7680 20 
7681 64 
7682 149 
7683 109 
7684 20 
7685 42 
7686 5 
7687 10 
7688 6 
7689 40 
7690 112 
7691 60 
7692 9 
7693 182 
7694 18 
7695 18 
7696 18 
7697 18 
7698 18 
7699 20 
7700 112 
7701 21 
7702 54 
7703 28 
7704 44 
7705 20 
7706 28 
7707 10 
7708 75 
7709 20 
7710 329 
7711 45 
7712 19 
7713 20 
7714 48 
7715 20 
7716 5 
7717 9 
7718 33 
7719 33 
7720 1 
7721 42 
7722 73 
7723 18 
7724 94 
7725 45 
7726 15 
7727 52 
7728 121 
7729 58 
7730 2 
7731 9 
7732 10 
7733 49 
7734 18 
7735 98 
7736 53 
7737 18 
7738 57 
7739 150 
7740 18 
7741 90 
7742 24 
7743 112 
7744 39 
7745 46 
7746 86 
7747 33 
7748 14 
7749 20 
7750 44 
7751 23 
7752 3 
7753 73 
7754 51 
7755 40 
7756 191 
7757 9 
7758 39 
7759 18 
7760 13 
7761 43 
7762 29 
7763 43 
7764 34 
7765 123 
7766 111 
7767 218 
7768 9 
7769 40 
7770 17 
7771 33 
7772 4 
7773 13 
7774 45 
7775 2 
7776 73 
7777 60 
7778 55 
7779 39 
7780 87 
7781 27 
7782 18 
7783 10 
7784 48 
7785 20 
7786 9 
7787 11 
7788 111 
7789 51 
7790 58 
7791 57 
7792 14 
7793 40 
7794 93 
7795 13 
7796 4 
7797 75 
7798 17 
7799 20 
7800 13 
7801 20 
7802 12 
7803 119 
7804 92 
7805 52 
7806 35 
7807 21 
7808 18 
7809 75 
7810 111 
7811 58 
7812 59 
7813 10 
7814 11 
7815 18 
7816 14 
7817 49 
7818 1 
7819 78 
7820 3 
7821 18 
7822 18 
7823 98 
7824 9 
7825 115 
7826 62 
7827 14 
7828 41 
7829 6 
7830 57 
7831 24 
7832 77 
7833 2 
7834 51 
7835 86 
7836 64 
7837 43 
7838 70 
7839 108 
7840 4 
7841 49 
7842 55 
7843 61 
7844 49 
7845 107 
7846 18 
7847 16 
7848 40 
7849 182 
7850 56 
7851 47 
7852 87 
7853 47 
7854 147 
7855 47 
7856 11 
7857 263 
7858 53 
7859 18 
7860 37 
7861 107 
7862 5 
7863 86 
7864 64 
7865 39 
7866 20 
7867 20 
7868 27 
7869 18 
7870 6 
7871 82 
7872 44 
7873 40 
7874 33 
7875 58 
7876 9 
7877 125 
7878 9 
7879 25 
7880 310 
7881 9 
7882 38 
7883 178 
7884 110 
7885 45 
7886 80 
7887 57 
7888 12 
7889 36 
7890 31 
7891 15 
7892 103 
7893 34 
7894 4 
7895 36 
7896 110 
7897 58 
7898 199 
7899 73 
7900 10 
7901 22 
7902 16 
7903 15 
7904 276 
7905 101 
7906 20 
7907 53 
7908 33 
7909 10 
7910 20 
7911 18 
7912 63 
7913 203 
7914 18 
7915 41 
7916 48 
7917 119 
7918 48 
7919 73 
7920 18 
7921 20 
7922 53 
7923 20 
7924 36 
7925 33 
7926 62 
7927 38 
7928 20 
7929 10 
7930 23 
7931 38 
7932 4 
7933 11 
7934 45 
7935 18 
7936 82 
7937 7 
7938 18 
7939 48 
7940 178 
7941 88 
7942 18 
7943 34 
7944 86 
7945 16 
7946 49 
7947 105 
7948 58 
7949 94 
7950 10 
7951 18 
7952 59 
7953 12 
7954 27 
7955 18 
7956 73 
7957 12 
7958 53 
7959 9 
7960 44 
7961 34 
7962 16 
7963 56 
7964 8 
7965 36 
7966 63 
7967 18 
7968 39 
7969 30 
7970 18 
7971 312 
7972 41 
7973 2 
7974 40 
7975 16 
7976 31 
7977 6 
7978 56 
7979 20 
7980 45 
7981 83 
7982 48 
7983 57 
7984 25 
7985 144 
7986 60 
7987 58 
7988 75 
7989 45 
7990 14 
7991 10 
7992 58 
7993 8 
7994 2 
7995 108 
7996 33 
7997 54 
7998 45 
7999 102 
8000 9 
8001 6 
8002 113 
8003 9 
8004 104 
8005 218 
8006 147 
8007 11 
8008 16 
8009 45 
8010 121 
8011 36 
8012 61 
8013 10 
8014 50 
8015 20 
8016 23 
8017 125 
8018 175 
8019 5 
8020 18 
8021 42 
8022 93 
8023 5 
8024 66 
8025 130 
8026 114 
8027 18 
8028 101 
8029 18 
8030 114 
8031 11 
8032 57 
8033 18 
8034 73 
8035 39 
8036 12 
8037 20 
8038 14 
8039 20 
8040 41 
8041 178 
8042 18 
8043 45 
8044 56 
8045 11 
8046 81 
8047 6 
8048 35 
8049 90 
8050 53 
8051 18 
8052 90 
8053 20 
8054 16 
8055 1 
8056 5 
8057 173 
8058 213 
8059 10 
8060 18 
8061 111 
8062 16 
8063 114 
8064 97 
8065 10 
8066 18 
8067 39 
8068 8 
8069 44 
8070 45 
8071 10 
8072 2 
8073 93 
8074 44 
8075 16 
8076 47 
8077 20 
8078 32 
8079 123 
8080 18 
8081 39 
8082 178 
8083 18 
8084 5 
8085 18 
8086 6 
8087 147 
8088 8 
8089 15 
8090 55 
8091 41 
8092 9 
8093 25 
8094 8 
8095 101 
8096 58 
8097 18 
8098 25 
8099 82 
8100 145 
8101 8 
8102 44 
8103 18 
8104 20 
8105 18 
8106 20 
8107 78 
8108 93 
8109 7 
8110 18 
8111 20 
8112 87 
8113 66 
8114 98 
8115 18 
8116 124 
8117 6 
8118 88 
8119 96 
8120 20 
8121 99 
8122 174 
8123 45 
8124 18 
8125 18 
8126 8 
8127 54 
8128 22 
8129 41 
8130 15 
8131 4 
8132 58 
8133 29 
8134 41 
8135 56 
8136 18 
8137 96 
8138 2 
8139 113 
8140 77 
8141 9 
8142 99 
8143 18 
8144 29 
8145 2 
8146 51 
8147 18 
8148 57 
8149 95 
8150 36 
8151 10 
8152 2 
8153 51 
8154 18 
8155 44 
8156 111 
8157 40 
8158 18 
8159 101 
8160 48 
8161 58 
8162 92 
8163 45 
8164 20 
8165 43 
8166 39 
8167 72 
8168 20 
8169 2 
8170 41 
8171 44 
8172 41 
8173 20 
8174 18 
8175 62 
8176 10 
8177 4 
8178 28 
8179 10 
8180 205 
8181 20 
8182 73 
8183 93 
8184 16 
8185 18 
8186 33 
8187 18 
8188 13 
8189 122 
8190 108 
8191 58 
8192 84 
8193 18 
8194 9 
8195 18 
8196 73 
8197 18 
8198 46 
8199 78 
8200 31 
8201 1 
8202 54 
8203 24 
8204 20 
8205 48 
8206 6 
8207 173 
8208 53 
8209 60 
8210 53 
8211 10 
8212 56 
8213 20 
8214 13 
8215 2 
8216 41 
8217 99 
8218 115 
8219 29 
8220 39 
8221 49 
8222 9 
8223 44 
8224 4 
8225 6 
8226 9 
8227 145 
8228 14 
8229 104 
8230 45 
8231 6 
8232 18 
8233 59 
8234 18 
8235 70 
8236 14 
8237 53 
8238 234 
8239 18 
8240 25 
8241 18 
8242 230 
8243 18 
8244 99 
8245 20 
8246 18 
8247 1 
8248 20 
8249 4 
8250 20 
8251 6 
8252 34 
8253 18 
8254 60 
8255 44 
8256 75 
8257 18 
8258 28 
8259 20 
8260 12 
8261 73 
8262 112 
8263 8 
8264 20 
8265 56 
8266 33 
8267 14 
8268 61 
8269 7 
8270 147 
8271 93 
8272 7 
8273 19 
8274 41 
8275 4 
8276 90 
8277 50 
8278 98 
8279 12 
8280 9 
8281 2 
8282 52 
8283 111 
8284 45 
8285 29 
8286 51 
8287 36 
8288 141 
8289 48 
8290 10 
8291 63 
8292 13 
8293 57 
8294 18 
8295 7 
8296 56 
8297 10 
8298 18 
8299 35 
8300 99 
8301 13 
8302 22 
8303 116 
8304 58 
8305 54 
8306 18 
8307 94 
8308 114 
8309 70 
8310 33 
8311 23 
8312 18 
8313 53 
8314 44 
8315 58 
8316 15 
8317 20 
8318 13 
8319 18 
8320 25 
8321 31 
8322 40 
8323 18 
8324 6 
8325 6 
8326 135 
8327 63 
8328 4 
8329 70 
8330 37 
8331 43 
8332 49 
8333 45 
8334 18 
8335 18 
8336 10 
8337 44 
8338 86 
8339 34 
8340 8 
8341 43 
8342 41 
8343 60 
8344 38 
8345 32 
8346 21 
8347 11 
8348 18 
8349 39 
8350 12 
8351 38 
8352 25 
8353 36 
8354 6 
8355 12 
8356 107 
8357 58 
8358 55 
8359 120 
8360 57 
8361 6 
8362 141 
8363 20 
8364 44 
8365 14 
8366 99 
8367 15 
8368 39 
8369 39 
8370 176 
8371 71 
8372 20 
8373 90 
8374 15 
8375 6 
8376 60 
8377 73 
8378 8 
8379 52 
8380 46 
8381 11 
8382 17 
8383 55 
8384 40 
8385 13 
8386 99 
8387 4 
8388 16 
8389 2 
8390 56 
8391 2 
8392 51 
8393 203 
8394 105 
8395 57 
8396 10 
8397 87 
8398 101 
8399 8 
8400 15 
8401 58 
8402 7 
8403 10 
8404 2 
8405 44 
8406 9 
8407 86 
8408 6 
8409 15 
8410 47 
8411 18 
8412 20 
8413 105 
8414 114 
8415 16 
8416 18 
8417 192 
8418 12 
8419 11 
8420 18 
8421 27 
8422 12 
8423 99 
8424 6 
8425 46 
8426 20 
8427 7 
8428 100 
8429 2 
8430 125 
8431 58 
8432 18 
8433 13 
8434 59 
8435 1 
8436 18 
8437 113 
8438 39 
8439 18 
8440 59 
8441 44 
8442 91 
8443 133 
8444 18 
8445 44 
8446 20 
8447 18 
8448 191 
8449 20 
8450 12 
8451 63 
8452 106 
8453 11 
8454 60 
8455 12 
8456 244 
8457 52 
8458 46 
8459 10 
8460 6 
8461 79 
8462 15 
8463 10 
8464 18 
8465 20 
8466 46 
8467 14 
8468 10 
8469 32 
8470 20 
8471 51 
8472 20 
8473 85 
8474 57 
8475 23 
8476 6 
8477 428 
8478 20 
8479 7 
8480 20 
8481 60 
8482 38 
8483 86 
8484 20 
8485 213 
8486 117 
8487 30 
8488 145 
8489 18 
8490 46 
8491 2 
8492 62 
8493 140 
8494 20 
8495 34 
8496 6 
8497 20 
8498 50 
8499 23 
8500 44 
8501 46 
8502 17 
8503 90 
8504 46 
8505 10 
8506 5 
8507 110 
8508 41 
8509 122 
8510 7 
8511 8 
8512 40 
8513 105 
8514 101 
8515 18 
8516 4 
8517 95 
8518 57 
8519 29 
8520 1 
8521 15 
8522 12 
8523 3 
8524 13 
8525 18 
8526 212 
8527 43 
8528 44 
8529 50 
8530 128 
8531 6 
8532 18 
8533 45 
8534 62 
8535 113 
8536 12 
8537 82 
8538 203 
8539 10 
8540 44 
8541 20 
8542 20 
8543 46 
8544 32 
8545 71 
8546 44 
8547 105 
8548 9 
8549 38 
8550 8 
8551 31 
8552 48 
8553 20 
8554 112 
8555 63 
8556 52 
8557 105 
8558 101 
8559 110 
8560 18 
8561 18 
8562 13 
8563 48 
8564 79 
8565 45 
8566 44 
8567 73 
8568 9 
8569 63 
8570 6 
8571 2 
8572 52 
8573 5 
8574 32 
8575 29 
8576 145 
8577 44 
8578 78 
8579 34 
8580 51 
8581 45 
8582 57 
8583 20 
8584 27 
8585 37 
8586 100 
8587 63 
8588 328 
8589 13 
8590 77 
8591 4 
8592 20 
8593 57 
8594 52 
8595 14 
8596 18 
8597 44 
8598 20 
8599 14 
8600 29 
8601 10 
8602 6 
8603 49 
8604 9 
8605 205 
8606 8 
8607 33 
8608 68 
8609 75 
8610 20 
8611 93 
8612 69 
8613 44 
8614 7 
8615 579 
8616 145 
8617 49 
8618 87 
8619 6 
8620 133 
8621 144 
8622 3 
8623 61 
8624 17 
8625 33 
8626 6 
8627 10 
8628 173 
8629 45 
8630 18 
8631 15 
8632 61 
8633 80 
8634 18 
8635 1 
8636 15 
8637 50 
8638 20 
8639 141 
8640 10 
8641 73 
8642 46 
8643 11 
8644 64 
8645 46 
8646 39 
8647 39 
8648 42 
8649 95 
8650 230 
8651 168 
8652 37 
8653 63 
8654 17 
8655 38 
8656 39 
8657 179 
8658 57 
8659 41 
8660 53 
8661 100 
8662 29 
8663 71 
8664 39 
8665 69 
8666 20 
8667 43 
8668 56 
8669 44 
8670 18 
8671 55 
8672 29 
8673 47 
8674 89 
8675 118 
8676 49 
8677 60 
8678 18 
8679 59 
8680 9 
8681 57 
8682 28 
8683 3 
8684 61 
8685 57 
8686 5 
8687 20 
8688 33 
8689 72 
8690 2 
8691 53 
8692 60 
8693 44 
8694 46 
8695 20 
8696 178 
8697 18 
8698 21 
8699 17 
8700 106 
8701 40 
8702 107 
8703 5 
8704 94 
8705 29 
8706 51 
8707 20 
8708 10 
8709 20 
8710 6 
8711 20 
8712 20 
8713 73 
8714 141 
8715 61 
8716 106 
8717 6 
8718 7 
8719 78 
8720 104 
8721 25 
8722 18 
8723 16 
8724 20 
8725 18 
8726 82 
8727 179 
8728 28 
8729 67 
8730 110 
8731 57 
8732 13 
8733 20 
8734 20 
8735 79 
8736 91 
8737 41 
8738 57 
8739 47 
8740 106 
8741 6 
8742 56 
8743 37 
8744 7 
8745 38 
8746 60 
8747 1 
8748 11 
8749 45 
8750 10 
8751 2 
8752 52 
8753 3 
8754 28 
8755 18 
8756 88 
8757 159 
8758 66 
8759 43 
8760 61 
8761 23 
8762 97 
8763 216 
8764 20 
8765 44 
8766 58 
8767 49 
8768 58 
8769 18 
8770 18 
8771 12 
8772 4 
8773 45 
8774 64 
8775 20 
8776 44 
8777 18 
8778 71 
8779 93 
8780 39 
8781 22 
8782 57 
8783 130 
8784 48 
8785 91 
8786 105 
8787 36 
8788 28 
8789 18 
8790 118 
8791 20 
8792 1 
8793 61 
8794 38 
8795 18 
8796 18 
8797 4 
8798 40 
8799 53 
8800 6 
8801 6 
8802 125 
8803 50 
8804 46 
8805 53 
8806 39 
8807 44 
8808 111 
8809 6 
8810 14 
8811 49 
8812 79 
8813 135 
8814 10 
8815 5 
8816 63 
8817 10 
8818 28 
8819 109 
8820 75 
8821 5 
8822 39 
8823 86 
8824 60 
8825 122 
8826 93 
8827 47 
8828 122 
8829 44 
8830 6 
8831 18 
8832 73 
8833 17 
8834 13 
8835 15 
8836 18 
8837 9 
8838 49 
8839 35 
8840 18 
8841 25 
8842 18 
8843 10 
8844 49 
8845 6 
8846 36 
8847 106 
8848 131 
8849 20 
8850 2 
8851 14 
8852 105 
8853 81 
8854 23 
8855 44 
8856 10 
8857 34 
8858 10 
8859 10 
8860 29 
8861 6 
8862 18 
8863 8 
8864 9 
8865 18 
8866 58 
8867 81 
8868 379 
8869 18 
8870 58 
8871 45 
8872 18 
8873 15 
8874 61 
8875 20 
8876 123 
8877 46 
8878 45 
8879 18 
8880 86 
8881 36 
8882 18 
8883 6 
8884 8 
8885 182 
8886 18 
8887 15 
8888 27 
8889 6 
8890 61 
8891 20 
8892 48 
8893 51 
8894 45 
8895 89 
8896 13 
8897 93 
8898 18 
8899 10 
8900 93 
8901 18 
8902 15 
8903 13 
8904 47 
8905 10 
8906 60 
8907 62 
8908 178 
8909 10 
8910 45 
8911 6 
8912 32 
8913 6 
8914 20 
8915 58 
8916 20 
8917 58 
8918 84 
8919 24 
8920 33 
8921 26 
8922 4 
8923 9 
8924 18 
8925 7 
8926 18 
8927 58 
8928 18 
8929 178 
8930 363 
8931 18 
8932 122 
8933 144 
8934 64 
8935 101 
8936 44 
8937 82 
8938 21 
8939 2 
8940 137 
8941 4 
8942 46 
8943 97 
8944 50 
8945 101 
8946 309 
8947 134 
8948 39 
8949 101 
8950 7 
8951 60 
8952 10 
8953 218 
8954 234 
8955 14 
8956 82 
8957 33 
8958 9 
8959 39 
8960 118 
8961 20 
8962 173 
8963 18 
8964 125 
8965 13 
8966 119 
8967 66 
8968 10 
8969 18 
8970 28 
8971 6 
8972 18 
8973 2 
8974 250 
8975 101 
8976 34 
8977 230 
8978 15 
8979 313 
8980 3 
8981 96 
8982 15 
8983 45 
8984 63 
8985 7 
8986 4 
8987 57 
8988 42 
8989 48 
8990 18 
8991 79 
8992 33 
8993 63 
8994 120 
8995 134 
8996 9 
8997 263 
8998 115 
8999 4 
9000 45 
9001 3 
9002 11 
9003 28 
9004 20 
9005 62 
9006 63 
9007 44 
9008 9 
9009 34 
9010 58 
9011 89 
9012 80 
9013 23 
9014 308 
9015 39 
9016 77 
9017 99 
9018 12 
9019 35 
9020 110 
9021 47 
9022 9 
9023 44 
9024 58 
9025 10 
9026 4 
9027 35 
9028 102 
9029 43 
9030 84 
9031 49 
9032 46 
9033 83 
9034 4 
9035 18 
9036 18 
9037 10 
9038 173 
9039 4 
9040 58 
9041 18 
9042 20 
9043 2 
9044 60 
9045 18 
9046 91 
9047 10 
9048 25 
9049 37 
9050 107 
9051 34 
9052 57 
9053 101 
9054 18 
9055 1 
9056 4 
9057 73 
9058 1 
9059 38 
9060 6 
9061 17 
9062 57 
9063 38 
9064 20 
9065 3 
9066 20 
9067 48 
9068 4 
9069 18 
9070 62 
9071 17 
9072 24 
9073 22 
9074 49 
9075 172 
9076 49 
9077 6 
9078 7 
9079 97 
9080 23 
9081 10 
9082 159 
9083 12 
9084 114 
9085 102 
9086 4 
9087 18 
9088 191 
9089 11 
9090 41 
9091 8 
9092 20 
9093 70 
9094 4 
9095 31 
9096 27 
9097 105 
9098 62 
9099 192 
9100 10 
9101 99 
9102 46 
9103 46 
9104 6 
9105 33 
9106 70 
9107 17 
9108 18 
9109 98 
9110 63 
9111 39 
9112 82 
9113 13 
9114 51 
9115 130 
9116 60 
9117 45 
9118 52 
9119 5 
9120 39 
9121 125 
9122 18 
9123 5 
9124 18 
9125 91 
9126 12 
9127 6 
9128 21 
9129 108 
9130 103 
9131 11 
9132 46 
9133 46 
9134 9 
9135 57 
9136 18 
9137 5 
9138 119 
9139 115 
9140 42 
9141 1 
9142 24 
9143 10 
9144 92 
9145 101 
9146 5 
9147 39 
9148 9 
9149 33 
9150 20 
9151 18 
9152 29 
9153 31 
9154 77 
9155 38 
9156 4 
9157 82 
9158 45 
9159 64 
9160 17 
9161 18 
9162 111 
9163 6 
9164 1 
9165 18 
9166 125 
9167 50 
9168 20 
9169 2 
9170 15 
9171 46 
9172 18 
9173 39 
9174 58 
9175 105 
9176 20 
9177 4 
9178 28 
9179 25 
9180 43 
9181 75 
9182 70 
9183 82 
9184 16 
9185 87 
9186 18 
9187 43 
9188 20 
9189 145 
9190 49 
9191 10 
9192 34 
9193 89 
9194 18 
9195 56 
9196 20 
9197 179 
9198 2 
9199 118 
9200 176 
9201 125 
9202 1 
9203 20 
9204 29 
9205 5 
9206 41 
9207 4 
9208 311 
9209 18 
9210 46 
9211 6 
9212 3 
9213 58 
9214 60 
9215 64 
9216 58 
9217 46 
9218 4 
9219 6 
9220 18 
9221 10 
9222 35 
9223 4 
9224 35 
9225 2 
9226 58 
9227 86 
9228 18 
9229 3 
9230 309 
9231 23 
9232 77 
9233 93 
9234 32 
9235 293 
9236 45 
9237 8 
9238 2 
9239 12 
9240 25 
9241 10 
9242 80 
9243 18 
9244 18 
9245 9 
9246 2 
9247 5 
9248 10 
9249 169 
9250 27 
9251 10 
9252 84 
9253 45 
9254 20 
9255 45 
9256 75 
9257 57 
9258 17 
9259 61 
9260 20 
9261 110 
9262 51 
9263 18 
9264 45 
9265 110 
9266 18 
9267 52 
9268 28 
9269 20 
9270 4 
9271 18 
9272 18 
9273 61 
9274 145 
9275 121 
9276 7 
9277 6 
9278 2 
9279 82 
9280 8 
9281 6 
9282 58 
9283 130 
9284 15 
9285 1 
9286 58 
9287 2 
9288 105 
9289 9 
9290 98 
9291 145 
9292 234 
9293 40 
9294 18 
9295 39 
9296 45 
9297 105 
9298 18 
9299 32 
9300 99 
9301 4 
9302 79 
9303 102 
9304 40 
9305 58 
9306 15 
9307 47 
9308 8 
9309 28 
9310 20 
9311 51 
9312 18 
9313 18 
9314 19 
9315 89 
9316 151 
9317 101 
9318 23 
9319 44 
9320 51 
9321 2 
9322 5 
9323 12 
9324 76 
9325 57 
9326 44 
9327 18 
9328 10 
9329 62 
9330 15 
9331 125 
9332 14 
9333 101 
9334 169 
9335 77 
9336 15 
9337 25 
9338 44 
9339 15 
9340 62 
9341 47 
9342 9 
9343 8 
9344 261 
9345 9 
9346 58 
9347 51 
9348 14 
9349 32 
9350 18 
9351 18 
9352 11 
9353 28 
9354 48 
9355 14 
9356 33 
9357 10 
9358 108 
9359 58 
9360 5 
9361 12 
9362 39 
9363 99 
9364 6 
9365 65 
9366 18 
9367 10 
9368 106 
9369 58 
9370 62 
9371 9 
9372 45 
9373 79 
9374 75 
9375 38 
9376 40 
9377 24 
9378 44 
9379 4 
9380 3 
9381 24 
9382 108 
9383 57 
9384 53 
9385 122 
9386 20 
9387 46 
9388 51 
9389 79 
9390 18 
9391 46 
9392 52 
9393 117 
9394 102 
9395 9 
9396 19 
9397 30 
9398 20 
9399 18 
9400 149 
9401 11 
9402 46 
9403 106 
9404 25 
9405 41 
9406 9 
9407 82 
9408 3 
9409 98 
9410 15 
9411 270 
9412 10 
9413 101 
9414 45 
9415 14 
9416 40 
9417 56 
9418 191 
9419 18 
9420 4 
9421 18 
9422 18 
9423 12 
9424 105 
9425 12 
9426 98 
9427 18 
9428 99 
9429 52 
9430 8 
9431 25 
9432 20 
9433 77 
9434 52 
9435 44 
9436 80 
9437 6 
9438 20 
9439 94 
9440 75 
9441 134 
9442 18 
9443 20 
9444 18 
9445 15 
9446 41 
9447 62 
9448 20 
9449 118 
9450 6 
9451 39 
9452 45 
9453 173 
9454 28 
9455 86 
9456 18 
9457 92 
9458 4 
9459 47 
9460 18 
9461 85 
9462 18 
9463 20 
9464 9 
9465 33 
9466 49 
9467 22 
9468 72 
9469 9 
9470 100 
9471 11 
9472 36 
9473 51 
9474 5 
9475 58 
9476 92 
9477 4 
9478 98 
9479 52 
9480 18 
9481 151 
9482 57 
9483 101 
9484 33 
9485 92 
9486 10 
9487 31 
9488 10 
9489 33 
9490 1 
9491 18 
9492 10 
9493 45 
9494 62 
9495 58 
9496 18 
9497 45 
9498 28 
9499 20 
9500 6 
9501 89 
9502 54 
9503 57 
9504 9 
9505 49 
9506 18 
9507 93 
9508 18 
9509 18 
9510 102 
9511 90 
9512 52 
9513 18 
9514 53 
9515 18 
9516 38 
9517 13 
9518 35 
9519 48 
9520 65 
9521 100 
9522 90 
9523 1 
9524 7 
9525 46 
9526 54 
9527 28 
9528 48 
9529 60 
9530 90 
9531 90 
9532 55 
9533 53 
9534 20 
9535 20 
9536 10 
9537 6 
9538 20 
9539 9 
9540 2 
9541 10 
9542 58 
9543 18 
9544 13 
9545 71 
9546 71 
9547 10 
9548 12 
9549 80 
9550 58 
9551 18 
9552 36 
9553 29 
9554 18 
9555 61 
9556 44 
9557 18 
9558 2 
9559 9 
9560 15 
9561 36 
9562 20 
9563 1 
9564 9 
9565 96 
9566 1 
9567 65 
9568 47 
9569 121 
9570 49 
9571 41 
9572 25 
9573 329 
9574 110 
9575 18 
9576 41 
9577 20 
9578 52 
9579 80 
9580 15 
9581 18 
9582 90 
9583 28 
9584 36 
9585 58 
9586 111 
9587 5 
9588 23 
9589 29 
9590 1 
9591 105 
9592 26 
9593 83 
9594 77 
9595 150 
9596 3 
9597 106 
9598 6 
9599 429 
9600 22 
9601 5 
9602 6 
9603 64 
9604 13 
9605 178 
9606 92 
9607 16 
9608 3 
9609 78 
